11
input	42
dense	40
leakyrelu	0.10000000149011612
dense	40
leakyrelu	0.10000000149011612
dense	40
leakyrelu	0.10000000149011612
dense	40
leakyrelu	0.10000000149011612
dense	1
linear	0
3.433684469200671e-05
9.6685244e-03	2.0796916e-02	9.6329533e-02	6.6712104e-02	9.5785130e-03	-2.2354217e-01	-1.1483305e-01	-7.5199157e-02	2.0778129e-01	-3.5170320e-02	2.1606600e-02	7.5166330e-02	2.1406290e-01	-1.1597373e-01	2.2299120e-02	-1.4599006e-01	-3.8244769e-02	4.6743218e-02	-1.1243164e-01	-6.2646963e-02	8.8261902e-02	-7.0991017e-02	-2.6142655e-02	9.9424288e-02	-1.0888826e-01	-4.2109605e-02	-5.2145641e-02	1.1741416e-01	-2.1744022e-02	-4.5522977e-02	7.6538533e-02	1.0364459e-02	-8.5545361e-02	5.7635948e-02	-2.0428479e-01	-8.2545727e-02	-4.2440195e-02	1.5675044e-01	7.8162737e-02	-1.2587486e-01
3.4930404e-02	-1.0127896e-01	-5.0355040e-02	4.7565069e-02	7.0123710e-02	-3.6976814e-02	-4.3332994e-02	1.0508240e-01	-5.7039756e-02	-8.8923954e-04	4.4507608e-02	-6.7735016e-03	2.8125288e-02	4.3364909e-02	4.9416486e-02	-7.9883106e-02	-8.6198062e-02	-3.2351714e-02	-7.9101190e-02	6.2570281e-02	-8.6922105e-03	-1.9518450e-02	-1.2774003e-02	7.9107307e-02	5.8906924e-02	-8.5919537e-02	8.1867557e-03	-3.1299043e-02	3.2814328e-02	9.5092440e-03	7.7135906e-02	-4.1693859e-03	-4.9177356e-02	6.2715998e-03	-1.3304967e-01	1.1017974e-01	-2.2137722e-01	-3.6464669e-02	-7.7832833e-02	6.7313895e-02
9.3288615e-02	-3.9450317e-03	1.5683275e-02	2.3475014e-02	4.9300902e-02	3.0553935e-02	-2.2606565e-02	8.6254865e-02	2.0884987e-02	3.6093060e-02	7.0247673e-03	-3.6381356e-02	1.3548761e-02	7.7060208e-02	3.0418139e-02	3.1522419e-02	8.9286081e-03	-5.7149354e-02	4.4043861e-02	1.4322581e-02	-1.3045043e-02	-2.6009696e-02	-9.5472753e-02	6.3610771e-03	1.1734054e-02	2.3214724e-03	5.2559745e-02	5.1298931e-02	-1.0740242e-02	-2.2988349e-02	2.6230706e-02	7.5161949e-02	-8.5379900e-03	1.3594006e-04	7.2274171e-02	1.8739507e-03	4.9749627e-03	1.5216947e-02	-4.8763655e-02	-4.9514536e-02
5.5699635e-02	-2.4760863e-01	7.2311550e-02	4.0916950e-02	1.6469615e-02	-1.1276927e-02	3.7471965e-02	-8.0259796e-03	1.0434141e-02	-4.8001163e-02	-2.2626048e-02	2.3455769e-02	-4.9663102e-03	1.6034842e-02	1.9488985e-02	6.8062982e-03	2.0812778e-02	4.9606971e-02	1.2384780e-02	-5.7865642e-02	3.6697045e-02	1.4106190e-01	-7.4429794e-05	1.0577144e-02	2.9007529e-03	1.9983409e-02	8.2040519e-02	5.5106441e-03	7.0851236e-03	3.8434666e-02	-1.1694198e-02	-2.7161950e-02	3.5091352e-02	4.6105187e-02	3.6264531e-02	1.2606445e-02	-9.6567674e-03	2.2776895e-03	1.0966461e-02	-1.0034074e-02
1.1785534e-02
-1.8414171e-02	4.1117657e-02	6.8224110e-03	-1.4690475e-02	-1.0455327e-02	-4.3881960e-02	-1.2874895e-03	8.9237928e-02	-2.2425489e-03	1.5896430e-02	-4.4851284e-02	7.0634196e-03	8.9896277e-02	-8.5384525e-02	-8.2961526e-03	5.4900873e-02	4.3439236e-02	-7.4399263e-03	1.3908120e-02	-1.0469162e-01	-8.6681359e-02	3.7167847e-02	-9.6654773e-02	2.8530104e-02	2.6964040e-02	-5.6162063e-02	1.0161453e-02	-7.3235847e-02	-3.2782778e-02	3.1888139e-02	-1.0906106e-01	-3.7672818e-02	-9.0399943e-02	-1.5545629e-02	9.9056130e-03	7.6079168e-03	-1.3433225e-02	5.5006810e-02	5.4435790e-02	-7.3903345e-02	-2.6526272e-01	2.9453898e-02	-1.9022557e-01	-1.7334171e-02	-4.8392393e-02	-3.8650762e-02	-2.1311020e-02	-3.9635297e-02	-9.6834771e-02	5.7521079e-02	3.1658061e-02	-1.2142853e-02	6.6754118e-02	-2.0210674e-02	5.2742146e-02	-5.6678988e-03	-2.8787857e-02	2.1395393e-02	5.1587843e-03	1.6959885e-02	6.4777069e-02	1.4550740e-02	-1.2468930e-01	-2.0271268e-02	-8.0357092e-03	-2.2582730e-02	1.4289575e-02	-2.1010878e-02	3.3128962e-02	-2.2192525e-03	-1.0281089e-01	-1.3351402e-01	-1.3778768e-01	-5.9059754e-02	-5.1861893e-02	-1.2730533e-01	-1.3742863e-01	-1.1133885e-01	-1.2404163e-01	2.7857358e-03	4.1644806e-03	-9.0591449e-05	-1.3312462e-01	2.6032361e-01	6.1577894e-02	8.7373361e-02	1.4968643e-02	-4.3416124e-02	-1.9714361e-02	1.1732100e-02	-2.6341198e-02	-2.7191840e-02	5.9713781e-02	1.0262063e-02	-1.4309124e-03	-1.9374734e-02	1.1532386e-02	3.3617184e-02	1.1575164e-01	-4.4846162e-02	4.6730511e-02	-1.4221916e-02	-4.1502047e-02	1.9164102e-02	-3.8123712e-02	-3.5354823e-02	-4.5886166e-02	7.2839424e-02	5.4972123e-02	4.9968839e-02	-1.8542955e-02	2.2171438e-02	-2.8021669e-02	-4.7781765e-02	-9.2942432e-02	-4.0963773e-02	-5.5584923e-04	2.2519852e-01	6.1847504e-02	8.2812607e-02	6.4951442e-02	-4.6540994e-02	-1.0897862e-03	-2.0884795e-01	-7.2702937e-02	1.1066597e-01	5.2345607e-02	4.9670979e-02	7.2733779e-03	-2.6761234e-02	-4.6924561e-02	5.2246910e-02	5.1440064e-02	3.5673968e-02	-1.2616251e-02	-3.3054873e-02	6.0586601e-02	-2.6197049e-03	5.9860673e-02	1.0854199e-02	-3.2849111e-02	4.2848483e-02	-6.6685051e-02	2.9549327e-02	-1.0589990e-02	-1.6275065e-02	3.8810693e-02	5.1289424e-03	-3.9766125e-02	8.1027217e-02	-3.7968051e-02	6.3817231e-03	9.1119468e-02	9.9134184e-03	-1.2613734e-02	6.7377801e-04	1.0334182e-02	6.0815819e-02	5.6209660e-04	2.5074126e-03	6.3338906e-02	-6.2685832e-02	-7.3333696e-02	2.8890023e-02	-1.4171326e-01	1.7452964e-01	5.4441653e-02	-1.0569682e-01	6.3927444e-03	4.4305708e-02	-7.9380624e-02	4.2502966e-02	-3.2851718e-02	3.1887181e-02	-1.9136440e-02	7.2313018e-02	-2.5845477e-02	-4.2565614e-02	2.0776797e-02	-4.3445164e-03	3.7353832e-02	2.3376384e-04	-1.7231116e-02	2.4046052e-02	-4.3996185e-02	2.5237961e-02	-5.8244068e-02	-1.8052576e-02	3.1977680e-02	1.3820581e-02	4.1886795e-02	7.5744290e-04	-7.4612774e-02	6.5859593e-03	1.0355989e-02	4.1165043e-02	2.7471120e-02	5.0383698e-02	-4.0364116e-02	1.3989463e-02	-6.0956809e-03	-2.5451702e-01	3.2611042e-02	2.2594910e-03	-7.6438725e-02	1.8382064e-03	3.0880749e-02	-6.1243523e-02	2.0001346e-01	6.0714208e-02	-9.2677288e-03	3.4592242e-03	-6.0983978e-02	-4.5306187e-02	-9.6368557e-03	-5.8355264e-02	7.1276473e-03	8.9169368e-03	-4.3730740e-03	1.0079138e-01	-2.9052431e-02	-1.0283731e-03	2.6940798e-02	-2.3082072e-02	2.1116477e-03	1.2098231e-02	1.0955346e-01	3.3345632e-02	5.6456421e-02	7.7773131e-02	-5.2975249e-03	1.2662285e-02	-2.9819813e-02	2.7279276e-02	3.8498048e-02	-4.6479758e-02	-9.2014326e-03	-4.8947539e-02	3.8790010e-02	-7.5230561e-03	-3.9884467e-03	-8.4308656e-03	1.0014326e-02	3.4772918e-01	-3.5384107e-02	-2.6383948e-02	1.1962859e-01	-3.8379263e-02	3.4865417e-02	2.1724943e-03	-8.4172644e-02	1.1198629e-01	-8.6771436e-03	8.2595341e-02	5.0495800e-02	-3.3755857e-02	-6.3239291e-02	-8.3276816e-02	7.6815696e-03	2.4380401e-02	1.7838824e-01	2.7740598e-02	1.1895341e-01	-9.2271663e-02	6.4058974e-04	1.3962676e-03	-2.8331107e-02	1.0004480e-02	-2.0425789e-02	-2.6441107e-03	2.0464974e-02	-2.5076667e-02	-3.4076735e-02	-3.4185436e-02	5.7340741e-02	6.1406646e-02	8.0109276e-02	7.5043485e-02	7.3101647e-02	-4.8884373e-02	8.3631772e-04	3.9578989e-02	5.6537539e-02	1.0311637e-03	2.4555774e-02	1.0574259e-01	-1.3676968e-01	-3.5667188e-02	-3.5283530e-01	1.0757467e-02	-4.3222278e-01	1.6947952e-01	2.3093772e-01	-2.7008665e-01	-7.0044234e-02	-1.3783667e-02	3.0776870e-02	-6.2849936e-03	4.7843218e-02	8.4103150e-03	8.1238739e-02	-3.7442081e-02	9.8977359e-03	-3.2703187e-02	-4.6537876e-02	-2.5713585e-02	-1.2916704e-01	-7.0926167e-02	1.4840484e-02	6.2276339e-03	1.0881566e-01	8.2898892e-02	-5.7801255e-03	3.0979186e-02	1.9191444e-02	6.4217702e-02	2.6716695e-03	3.2550283e-03	-8.0418838e-03	-5.1553331e-02	-1.2450635e-01	3.3075832e-02	-3.0694485e-02	2.0120790e-02	-5.6932125e-02	-2.3504218e-02	-1.2680168e-01	-6.2561706e-02	-8.3090933e-03	1.0752717e-01	-2.3221195e-02	-8.4003337e-02	-2.9587124e-02	-1.1092960e-01	1.4188322e-02	-1.9083917e-01	-2.0800496e-02	-4.5028862e-02	-1.2806497e-02	-1.6406583e-02	5.4609563e-02	-3.9447900e-02	3.3002540e-02	2.5333712e-02	-1.5319410e-02	1.2284373e-02	1.3905254e-03	-5.2162722e-02	6.6878097e-03	4.8873961e-02	2.6920959e-02	-9.7453939e-03	8.7676816e-02	-2.1909632e-02	4.7955900e-02	1.8435335e-02	6.3111382e-03	6.8822573e-03	-5.9567813e-02	5.6527495e-02	8.7492190e-02	4.0113617e-02	-2.2336161e-02	6.7791003e-03	-1.0483698e-02	-5.9191190e-02	-2.1883238e-02	1.4533646e-01	1.0507422e-01	4.3169644e-02	6.6914655e-02	3.9083972e-03	5.6537688e-02	1.1620262e-01	-1.3384101e-01	-6.8890296e-02	-8.0534734e-02	2.0558322e-02	7.1137078e-02	3.2598253e-02	1.8995143e-02	2.5576964e-02	-2.3196742e-02	4.8083425e-02	1.6703960e-02	1.1338555e-02	8.1620514e-02	3.8805917e-02	5.8772233e-03	-4.5797426e-02	2.8857788e-02	-1.0648656e-02	-3.3033311e-02	5.8902528e-02	3.3194374e-02	3.2913990e-02	-6.1958779e-02	-1.8037159e-02	-5.1330086e-02	-5.5071272e-02	3.0550584e-02	-2.6038455e-02	-1.2782747e-02	-6.6964835e-02	-4.8089153e-03	2.9726148e-02	9.4652912e-03	5.8960032e-02	1.5475081e-01	6.9535233e-02	8.9735590e-02	-2.3780188e-02	3.6516290e-02	1.4585084e-01	3.2083884e-01	-1.0311290e-01	1.2483878e-01	-4.9229164e-02	-7.0626572e-02	-6.6465154e-02	-5.8723472e-02	4.4017281e-02	-4.1846331e-02	-1.5683061e-02	-7.8938212e-03	-6.3668070e-03	5.9524211e-03	-1.6006660e-02	-8.9614186e-03	4.5439444e-02	5.1501032e-02	-4.8306268e-03	9.7063379e-03	-7.9483911e-02	3.9697293e-02	-4.3734010e-02	-4.9332488e-02	1.8980192e-02	-8.6318329e-03	9.5963351e-02	-4.0783964e-02	-1.1066678e-02	-3.2962091e-02	-1.9472891e-02	-1.3022560e-02	3.8705088e-02	-1.6394451e-02	4.3534670e-02	-2.3755904e-02	1.8328102e-03	-8.8062972e-02	-4.3373341e-03	2.6533468e-02	-7.3632687e-02	2.0436093e-02	6.7288163e-03	-1.6741848e-01	7.8029171e-02	-2.4472808e-02	8.0374358e-03	3.4323123e-01	4.2946760e-02	-7.0804600e-03	4.2289249e-03	-3.7769280e-02	-1.0946026e-02	-2.4895163e-02	4.6215408e-02	-3.1678356e-02	7.0876822e-02	-7.3651080e-03	1.5141643e-02	4.5497939e-02	1.2812877e-02	-1.4129621e-02	1.3949377e-02	5.2482199e-02	-5.8849517e-02	-5.0885629e-02	4.0748054e-03	-1.4585993e-02	2.0228257e-02	2.6395803e-03	4.5517027e-02	-6.3018054e-02	-1.9135246e-02	-3.5413705e-02	2.3348948e-02	4.0181417e-02	3.0028741e-03	7.9776093e-02	1.4189464e-01	-8.3294548e-02	3.6865570e-02	4.9474008e-02	1.3885222e-01	5.1029377e-02	1.9078116e-01	1.3597305e-01	-1.1568612e-02	9.1913804e-02	-1.5675161e-02	-2.9381493e-01	6.5169103e-02	-3.7670836e-02	6.3973241e-02	3.9595749e-02	-2.9512903e-02	-6.5764308e-02	-1.3438733e-01	2.4751978e-02	-4.6979997e-02	8.8177852e-02	3.7323896e-02	3.7228845e-02	1.0832109e-01	1.8735639e-03	1.6144733e-01	6.7427615e-03	2.3537543e-02	2.4131112e-02	-3.1542540e-02	-1.1364431e-01	-1.5327239e-01	8.7731361e-04	5.6864084e-03	-1.0215788e-01	-5.0016083e-02	9.5776943e-03	7.8689799e-02	5.4983515e-02	-1.0680896e-03	6.1246868e-02	2.5377240e-02	2.7016249e-02	3.8106716e-03	-8.0930002e-02	3.0238159e-02	-9.5570780e-02	-2.2668537e-01	-4.1456215e-02	-5.3368304e-03	2.2670773e-01	-1.5746374e-01	-4.0512213e-01	4.3086007e-02	3.5348136e-02	1.6335092e-02	-7.1379275e-04	-4.2531054e-02	6.9819503e-02	-1.9361788e-02	-2.4874711e-02	5.6259308e-02	-1.4484976e-02	3.0038463e-02	-4.1079231e-02	4.1519436e-03	-9.3962565e-02	6.0786948e-02	-6.8842173e-02	4.3299720e-02	-3.4583684e-02	5.4622896e-02	1.9207880e-02	-3.9669164e-02	5.6930128e-02	-7.2940603e-02	-1.9553421e-02	-1.8686904e-03	3.7043974e-02	1.9965094e-02	-1.6975660e-02	-7.7719833e-03	2.0532191e-03	7.3666766e-02	3.7404194e-02	8.7766357e-02	-1.4022460e-03	1.4790170e-01	8.3553843e-02	8.1613287e-02	-3.9668325e-03	1.8643430e-03	-8.7247975e-02	4.4846367e-02	2.3859058e-01	4.9404916e-03	-4.9912333e-03	-7.8490548e-02	5.8513697e-02	-3.2729201e-02	-1.4163748e-02	-1.2283173e-03	-6.2003797e-03	1.6756767e-02	4.0060952e-02	7.6224118e-02	2.9454127e-02	-2.9442912e-02	-7.1890443e-03	-6.8721161e-03	5.4878794e-02	-2.7789256e-02	-2.6337842e-02	-2.0042010e-02	-3.9896585e-02	1.6598100e-02	-6.8607889e-02	7.1809486e-02	-8.4659375e-02	7.3193066e-02	-2.2981900e-03	-1.7438931e-02	-6.3538230e-03	2.1190213e-02	2.3552436e-02	-3.1901851e-02	1.0425461e-02	-8.6766049e-02	-4.0790502e-02	2.7933469e-02	3.1606317e-02	-6.5005139e-02	-1.2849365e-01	6.7957826e-03	-3.6104817e-02	5.1075362e-02	2.1928334e-01	-2.0363255e-04	8.0170758e-02	1.8573854e-02	1.7743953e-02	3.7951589e-02	-1.6105043e-02	-3.6576279e-02	2.4139510e-02	-3.1353729e-03	-3.2144648e-04	4.1474845e-02	-2.2901980e-02	2.7466359e-02	7.5853989e-02	-6.3067466e-02	-7.8161776e-02	3.0066922e-02	2.7377388e-02	-2.6491089e-03	5.5102069e-02	1.2428450e-02	-2.6400317e-02	-3.5201363e-02	-4.0700484e-02	1.5893549e-02	8.8431286e-03	-5.1705807e-02	8.8551775e-02	-3.3457395e-02	-7.3704079e-02	6.2934048e-02	2.4740085e-02	-3.2923888e-02	2.6076281e-02	3.3082762e-01	3.9527260e-02	-1.1068892e-01	-1.1365831e-01	2.3673093e-02	6.4010993e-02	-1.1052211e-01	1.9440186e-01	2.8628286e-02	-5.9811994e-02	-6.6784650e-02	-3.4025189e-02	-8.9865774e-02	-5.3655341e-02	-7.0293948e-02	-1.0261282e-01	8.4038591e-03	1.7518710e-02	4.0608671e-02	5.8155276e-02	-6.9915436e-02	2.5717907e-03	-2.0313749e-02	1.5499056e-02	4.5111619e-02	-3.2302218e-03	4.3867607e-02	-3.3614434e-02	-3.2466974e-03	6.3886009e-02	-7.6945089e-02	4.1127432e-02	1.6383160e-02	-2.0240609e-02	4.3728653e-02	-7.1862653e-02	2.9352205e-02	-1.1630862e-04	-9.1820158e-02	-1.6635923e-02	-5.0273284e-02	-7.1801446e-02	-7.2551019e-02	1.1107061e-01	-5.2357726e-02	-5.0040465e-02	-5.2232467e-02	1.7075124e-01	-2.0073107e-02	-4.1442033e-02	-3.5483310e-01	-5.3533465e-02	4.1663039e-02	4.1408364e-02	5.3640441e-03	-2.7239848e-02	6.0921129e-02	2.1124023e-03	9.9936970e-02	2.9268406e-02	-6.9184355e-02	-3.5682511e-02	4.9446139e-02	3.9533082e-02	6.7338064e-02	-3.6944277e-03	2.0891326e-02	-1.6370976e-02	-3.2208957e-02	2.7163081e-02	-3.8826779e-02	9.6957441e-03	5.4977436e-02	-6.8409637e-02	5.1531666e-03	-8.7529775e-03	6.4809404e-02	3.7200589e-02	-1.2266059e-02	3.0482152e-02	4.2358518e-02	1.2390944e-02	3.5270624e-02	-2.4700636e-02	-2.1063767e-02	-2.2256285e-02	-2.8944861e-02	-2.8013358e-01	-6.6908099e-02	-3.3095166e-02	-1.4058447e-01	1.5126431e-01	-1.9950324e-01	9.0929139e-03	2.2111204e-02	-5.8302660e-03	-4.2158511e-02	-3.8039252e-02	-1.2259188e-01	-2.8405543e-02	1.1584694e-01	6.9373352e-03	1.9680252e-02	-1.1227714e-02	2.2854784e-03	-2.2024203e-02	3.9247736e-02	5.7038896e-02	-1.1131402e-02	1.1754005e-02	7.0328251e-02	-1.9581720e-02	8.2516693e-02	-2.9639499e-02	-7.3718689e-02	-1.7736152e-02	-2.7328664e-02	2.8003100e-02	4.0978882e-02	-5.1102854e-02	3.1766653e-02	8.1740990e-03	9.1553152e-02	-5.4461129e-02	-1.2671942e-02	-3.8652591e-02	-9.3778290e-02	7.9324925e-03	8.5258819e-02	2.1976982e-01	-4.0183000e-02	-1.1857226e-02	6.1219810e-03	2.1825279e-01	4.9862336e-02	-6.3892879e-02	-6.1833613e-02	9.5626123e-02	7.0580825e-02	-5.6857858e-02	3.8459014e-02	9.0948790e-03	9.8018765e-02	3.2197755e-02	-5.9205271e-02	-3.7664700e-02	-3.7475865e-02	1.6623378e-01	-8.7334523e-03	3.4121785e-02	-3.7436768e-02	2.5100397e-02	1.6641369e-02	-4.9501252e-03	5.2947100e-02	2.3557685e-02	3.8901914e-02	2.0814853e-02	4.0254548e-02	-1.3733063e-02	7.7859707e-02	8.4833317e-03	-2.5285122e-03	1.0298590e-01	1.1889515e-01	-4.6677556e-02	1.6791315e-01	1.3956827e-01	-2.9077676e-01	-2.1053316e-02	-2.8302276e-01	3.1580237e-01	-4.2965361e-01	1.3251835e-01	-2.4984503e-01	-2.9073802e-01	-7.8400269e-02	-5.9342217e-03	1.1143164e-02	-1.5943939e-02	1.3040074e-02	-7.9168577e-04	-9.9075548e-03	-3.9067123e-02	2.1404443e-02	3.2412734e-02	3.9902337e-02	1.3871524e-02	-1.9970289e-02	7.9868153e-02	-1.3989552e-02	-8.9159356e-03	-8.9587823e-02	-7.9226289e-03	7.8239925e-03	-2.8760675e-03	8.6944520e-02	2.5968632e-02	2.0764414e-03	-6.8225622e-02	4.2152915e-02	-2.7975526e-02	6.1929293e-02	-4.0711765e-03	1.4041947e-02	3.8937688e-02	-7.0001982e-02	-3.3455681e-02	1.4579850e-02	-2.0755984e-02	3.4084283e-02	5.1883128e-02	6.8136677e-02	1.5945997e-02	3.9127801e-02	6.9306187e-02	-4.1126432e-03	-2.7775952e-01	5.6549724e-02	-1.0171647e-01	-3.0820359e-02	-6.1033856e-02	-5.6625742e-02	-4.8767906e-03	1.3894092e-03	2.2626335e-02	6.6998355e-02	3.9528827e-03	-5.8082286e-02	-7.2336972e-02	9.7815491e-02	-4.4146266e-02	2.6061349e-03	-3.5045311e-02	4.5841400e-02	-2.3914278e-02	-8.8892831e-03	-2.3969673e-02	-6.3747223e-03	-1.3009701e-02	1.0199563e-02	4.1439254e-02	-7.7215187e-02	-7.5260989e-02	-1.8001210e-02	-2.4514897e-02	5.4411188e-02	-1.7096065e-02	9.7832046e-02	1.3931663e-01	2.7812483e-02	-1.2496794e-02	1.2308656e-01	-1.7574793e-02	-1.4657947e-01	-1.0080282e-01	5.7164103e-02	-1.1280508e-02	1.0702723e-01	1.3281329e-01	1.5141338e-01	-1.1543871e-02	-8.7975867e-02	-5.8270868e-02	-1.2270418e-01	-4.8106305e-02	-3.7094731e-02	-1.0272186e-01	1.3050114e-01	-2.1514440e-02	1.0686962e-01	3.8438845e-02	-7.9715073e-02	-4.7727212e-02	9.1853872e-02	5.8571804e-02	9.6895255e-02	-1.5038090e-02	-5.5238358e-03	-2.0874437e-02	6.7565180e-02	1.0348736e-02	2.6317365e-02	-6.0090668e-02	-1.2531756e-02	-3.7277080e-02	-2.1775777e-03	3.3904151e-03	1.2868293e-01	2.2061588e-02	2.6406502e-02	-2.9957369e-03	1.3280179e-02	7.3416717e-02	-2.6548441e-02	-1.1704168e-01	5.0456994e-03	-1.6960712e-01	3.8335804e-02	4.0386710e-03	7.4144736e-02	1.6286279e-01	2.7940519e-02	-6.4819574e-02	-6.8750851e-02	-9.0768114e-02	-1.1728369e-01	8.6980285e-03	3.4511827e-02	1.4997585e-02	3.4734566e-02	1.5486191e-02	-4.4072170e-02	5.3990621e-02	-2.7934406e-02	-3.0708771e-02	-8.9244271e-04	3.5893045e-02	2.4256768e-02	4.8714641e-02	6.2262796e-02	-3.5113007e-02	8.6366527e-02	-9.3540527e-02	-1.6641675e-02	2.6990810e-02	-5.1339988e-02	-5.8852319e-02	3.6377847e-02	-7.8379259e-02	-1.9948864e-02	1.0665600e-03	-8.6983241e-02	-6.9007643e-02	3.7207033e-02	7.8016452e-02	1.9056958e-01	1.1475874e-01	1.5079685e-02	6.8073750e-02	4.7477487e-02	-8.0088474e-02	-1.0007226e-01	-3.6807707e-01	1.0051780e-01	2.6286027e-04	1.4979998e-02	-8.5322380e-02	5.2012424e-03	1.3837803e-02	-1.0018598e-01	7.8405634e-02	2.4598693e-03	2.9471565e-02	4.8254479e-02	-5.1488489e-02	-7.7008918e-02	-6.0171165e-02	-1.9593121e-02	2.7679637e-02	5.9245910e-02	-5.7999279e-02	5.8252063e-02	5.0165258e-02	2.0309337e-03	-3.5093267e-02	-9.3641840e-02	-1.2048633e-01	-5.1311065e-02	1.1725282e-02	-8.8832848e-02	-3.5532846e-03	-9.8733887e-02	-8.2538396e-02	4.1471235e-02	-1.1346481e-02	-9.1434398e-04	-4.5170944e-02	-9.2177995e-02	-1.4905536e-02	-3.3220649e-02	-2.3181858e-02	-3.2165911e-02	7.1453298e-03	-1.0669141e-01	1.5698645e-01	-2.1962750e-01	6.4476252e-02	2.0441808e-02	-1.6168922e-02	4.6306942e-02	1.5557935e-02	1.9868791e-02	-3.6270758e-03	-4.3672945e-02	-1.1297796e-01	4.5790847e-02	3.0066224e-02	-5.1262088e-02	-3.5623576e-02	-3.8224328e-02	3.7461281e-02	1.2239328e-02	9.5325569e-03	-4.7770604e-02	-2.9019430e-02	-4.8415266e-02	-7.6921739e-02	-3.9220911e-02	8.8451086e-03	1.9598939e-02	-7.2674155e-02	7.6710239e-02	5.5935364e-02	-6.5242402e-02	-1.0242453e-02	2.5408011e-02	4.4239134e-02	-1.4116548e-01	3.2072984e-02	9.3404457e-02	1.1648591e-02	1.2994114e-01	1.4807980e-01	-4.8948921e-02	-6.2101997e-02	7.1421370e-02	-1.6063552e-02	-6.5317750e-02	1.8633822e-02	6.2640999e-03	-3.5783999e-02	4.0354364e-02	-2.1469414e-03	1.0763405e-02	-3.1370960e-02	-3.4862537e-02	8.8315774e-03	3.9809614e-02	2.2773581e-02	-2.5989419e-02	5.3004745e-02	4.3116275e-02	-1.1269250e-02	-5.0318480e-02	-4.5937445e-02	-2.8792312e-02	6.0895424e-02	-1.2765603e-02	5.1391512e-02	3.4690663e-02	-3.1756341e-02	-3.1945616e-02	1.0972440e-02	1.7174719e-02	-1.7153176e-02	1.6872527e-02	-1.0660363e-01	-4.8705854e-02	2.3804026e-02	6.9366887e-02	-1.0594348e-02	-1.2210296e-01	-1.1044924e-02	1.1373019e-01	2.7715939e-01	-3.4221001e-02	-3.9256785e-02	7.2032223e-03	1.3943164e-01	1.1377989e-01	9.8745124e-03	-2.7250072e-03	8.9721950e-03	-4.3793276e-02	5.1026475e-02	-8.8936109e-03	-2.3652960e-02	3.2929286e-02	-3.0985557e-02	5.4818712e-02	-4.3676309e-02	-1.8932451e-02	4.4093609e-02	1.7389635e-02	8.9117754e-03	-9.2368454e-02	1.0382885e-01	-5.1288601e-02	2.6873995e-02	-3.9462615e-02	-1.9524300e-02	6.0256794e-02	7.7519380e-03	-5.9322599e-02	4.9756777e-02	1.0612603e-02	-2.8257944e-02	-3.4255322e-02	3.6465554e-03	-2.0555626e-03	2.4742443e-02	2.3309037e-02	-2.2953754e-02	2.3060523e-02	-5.7710195e-01	4.2021936e-03	2.4397917e-02	-4.7597326e-03	-2.2680793e-02	-1.1190702e-02	1.3659373e-01	1.0224429e-02	-6.9250152e-02	3.2506019e-02	-6.0857814e-02	2.6868559e-02	-2.7803056e-02	3.8549816e-03	-9.3668122e-03	2.9487979e-02	5.5647735e-02	7.8486972e-02	3.4893998e-03	-2.6190091e-02	6.5357856e-02	7.4743129e-02	-1.2785608e-02	-1.9789333e-02	3.9373592e-02	-3.8896147e-02	-2.6712174e-02	-2.5870258e-02	3.7567813e-02	2.0609829e-03	-3.4386755e-03	8.2869194e-02	2.9087090e-03	-2.6540305e-02	-7.1774228e-03	5.0135590e-03	-1.1206618e-02	-3.9633885e-02	4.1542992e-02	-1.0370743e-01	6.2729712e-03	4.6349972e-04	-4.9554300e-02	4.5589536e-02	8.7496705e-02	-5.2044757e-02	3.3411205e-02	1.4904845e-01	1.3010858e-01	-2.3882264e-02	-4.9245972e-02	3.1698062e-03	9.3382850e-02	-1.6172508e-02	-6.7023143e-02	-4.3478399e-03	3.6676764e-02	-3.4006283e-02	-6.8139173e-02	1.2346113e-02	-2.8340017e-02	-3.2788631e-02	-4.5693733e-02	-8.5569412e-02	2.5611183e-02	-1.0366262e-01	-4.6898782e-02	-2.7505385e-02	2.3161320e-02	-7.1217738e-02	5.0317012e-02	-5.1896323e-02	-3.2834157e-02	2.4736892e-02	7.9721482e-03	-6.6890307e-02	3.8337277e-03	1.8327424e-02	-1.0873808e-02	4.4709098e-02	-1.7810781e-03	-2.5378021e-03	2.5124373e-02	9.3300872e-02	-1.0752835e-02	-7.1006514e-02	1.9871827e-02	-5.3695176e-02	-9.2067383e-03	5.4374617e-02	1.4100605e-02	3.9184550e-03	1.3704804e-01	8.0093490e-03	-6.3144146e-03	-7.3713019e-02	1.8034171e-03	1.4220470e-01	4.0551253e-02	-8.2346104e-02	2.4058176e-03	8.0180421e-02	4.9922228e-02	-8.2679629e-02	-6.7719132e-02	3.2595862e-02	7.8009591e-02	-5.3319365e-02	7.3378733e-03	1.4749202e-02	-5.1569115e-02	-5.6232288e-02	-1.2871566e-01	-7.7537298e-02	-1.2270501e-01	-1.2710844e-01	-7.2375774e-02	-4.6241745e-02	-6.7144195e-03	5.1079903e-02	9.0849437e-02	4.3416396e-03	-4.0353011e-02	-9.3431428e-02	-4.6531569e-02	-7.6457076e-02	-6.1848905e-02	5.2527856e-02	-2.1340938e-03	-3.5681628e-02	1.9539045e-01	-7.9100624e-02	-4.4152793e-01	4.9395207e-03	-1.4121911e-02	5.8223430e-02	-5.2025900e-03	5.6915112e-02	-2.6457349e-02	8.2094796e-02	6.4178795e-02	-7.7536204e-03	-3.8673781e-02	-2.2694655e-02	3.2910515e-02	-3.6077812e-02	4.7982551e-02	-4.3505918e-02	2.9873976e-02	6.3014522e-02	-4.4990532e-02	-6.3260742e-02	-2.6514934e-02	1.0036757e-02	2.4963351e-02	-1.6893761e-02	2.0321516e-02	3.4266397e-02	-2.2749864e-02	-5.5987258e-02	-1.0565701e-01	-8.4137209e-02	-7.2908811e-02	1.0730298e-01	-5.6007791e-02	-1.3072090e-01	-1.2013128e-01	-4.7932257e-04	-1.2564890e-01	-6.1373979e-02	-1.4152000e-02	2.0634206e-02	-1.9130495e-01	-1.5260407e-01	-4.9174406e-02	4.3204769e-02	5.4765932e-02	1.9418522e-03	-3.2153260e-02	5.1058840e-02	-5.0882220e-02	2.6478698e-02	1.1753795e-01	1.0815598e-02	-1.0427427e-01	-5.7464601e-03	6.3458875e-02	3.4400050e-02	-5.0204683e-02	2.1489816e-02	3.5234660e-02	-4.3345001e-02	-2.2334540e-03	4.4539183e-02	-3.9441180e-03	1.0106816e-02	4.3983389e-02	-5.4784440e-02	7.3966132e-03	4.7054053e-03	3.4284089e-02	6.1277930e-02	6.0011830e-02	7.6025173e-02	-5.5654917e-02	1.0144591e-02	-1.0925045e-02	-4.2845748e-02	4.2425585e-03	1.0172118e-01	-3.7855511e-03	1.0990052e-01	1.5783668e-01	-3.7647758e-02	8.6169295e-02	-5.0156623e-02	1.8575599e-02	2.9322051e-03	-8.0300281e-03	-2.0912958e-02	1.7389461e-02	6.7276306e-02	1.0435974e-02	6.4226044e-03	-5.8115376e-03	5.2989017e-02	3.6557761e-03	5.1595499e-03	-4.4344351e-02	2.3812832e-02	-1.2345677e-02	6.8248487e-03	2.6590899e-02	3.2699954e-02	3.8946578e-03	9.8802984e-02	-6.4660743e-02	-5.6988997e-03	2.8062514e-03	-6.6768304e-02	2.4450521e-03	-1.0343160e-02	4.5014728e-02	-4.2219434e-02	8.1615470e-04	-1.2208880e-02	-8.3069792e-03	6.2877997e-03	1.0738111e-01	-6.1093554e-02	6.5252721e-02	-2.0859112e-01	1.7800993e-01	3.6939055e-02	-1.9915654e-01	4.8770383e-02	2.9179707e-02	5.7632506e-02	7.5437305e-03	2.6113000e-02	2.2639846e-03	-5.3971633e-03	9.0752067e-03	-2.1606710e-02	2.4525706e-02	-2.7014198e-02	9.2021450e-03	3.0474383e-03	-1.2672157e-02	2.9999064e-02	-2.6302075e-02	9.2955283e-04	-6.0922331e-03	4.0157482e-02	-2.2111721e-02	-4.0606450e-02	4.7835670e-02	1.1824658e-02	-4.8446532e-02	5.0965235e-02	-1.7543128e-02	-3.0877315e-02	4.0457904e-02	-1.7953068e-02	-9.9737169e-03	5.5968948e-02	-4.8556488e-02	-2.2058569e-02	1.1476007e-02	1.2513969e-02	9.8964935e-03	1.0283213e-02	-1.8121367e-02	1.1884160e-02	2.3427051e-01	4.4445354e-03	5.2806307e-03	-5.3642695e-03	-1.5174333e-03	-7.1915640e-03	9.0126432e-02	7.3112658e-04	-9.6421070e-02	7.8889847e-02	9.5741013e-03	1.5559918e-02	1.1542878e-01	-5.9934907e-02	2.2559023e-02	-2.0145271e-02	1.5374758e-02	-2.8755508e-02	-1.3558101e-02	-1.5617506e-02	-4.7028363e-02	8.7581808e-03	-5.9736283e-03	-2.4618336e-03	-1.5239671e-02	-9.3864128e-03	7.9588480e-03	-5.3945154e-02	4.3662809e-02	6.8109892e-02	4.9825147e-02	-1.1831145e-02	7.9716809e-02	-1.0610763e-02	7.9997644e-02	8.5285725e-03	-6.8849154e-02	-5.9973069e-02	-1.4531031e-01	1.9323956e-02	4.3890074e-02	2.1962838e-01	8.3780574e-04	8.9897513e-02	9.3463533e-02	2.6917230e-02	1.1304831e-01	-5.2544724e-02	-4.1694880e-02	4.7993377e-02	5.8076385e-02	-6.0001668e-02	8.9978233e-02	8.6524054e-02	6.1957655e-03	-1.0468029e-01	-5.3557146e-02	-1.1101711e-01	-6.2924728e-02	2.2559299e-03	1.5347284e-02	6.9894455e-02	-7.4448418e-03	8.7804936e-02	6.9996226e-03	2.2870470e-02	5.7924647e-02	3.3982748e-03	-3.3777874e-02	-2.8134765e-02	-9.0274706e-02	2.7519643e-02	5.3519562e-02	4.5822777e-02	1.2157331e-01	1.5074382e-02	-2.3083208e-02	8.6426036e-03	-3.3702448e-02	4.4648066e-02	5.8351751e-02	-2.1915723e-02	-2.1093581e-02	-3.7467442e-03	1.9359211e-02	5.0827812e-02	8.8427238e-02	6.5783888e-02	-4.0151212e-02	9.3403079e-02	-1.3470806e-01	-3.1159844e-02	4.0096760e-02	2.5906486e-02	7.1266919e-02	-4.5766454e-02	6.2899306e-02	-1.4357302e-02	3.4787338e-02	-2.8937101e-02	3.3533618e-02	-4.8433471e-02	-4.0831707e-02	4.3533329e-02	-1.0543829e-01	4.5452382e-02	-4.8695650e-02	-2.8307384e-03	5.4668646e-02	-3.3373259e-02	-8.9635085e-03	2.7569799e-02	-3.6678940e-02	-1.5791770e-02	-3.2342259e-02	9.0922816e-03	-2.4623090e-02	2.9500846e-02	1.1682627e-02	-2.3431299e-02	-5.0241206e-02	-7.7347256e-02	-1.5223105e-02	-3.3924710e-02	-1.2615611e-01	-7.7004075e-02	3.6240958e-03	-1.5072134e-01	-8.6944319e-02	4.1028317e-02	-3.9733905e-02	1.3255349e-01	-1.5084594e-01	-1.9252115e-01	-6.8313248e-02	-5.9460416e-02	-5.1763475e-02	2.2806277e-02	-4.7842812e-02	8.1513122e-02	1.8233469e-02	3.6919750e-02	-2.9218122e-02	-7.0880003e-02	-1.2059310e-02	4.5940004e-02	3.0538838e-02	-9.6986398e-02	1.1254187e-02	5.6657553e-02	-7.4502684e-02	3.3629622e-02	3.7029415e-02	1.0670099e-01	1.1137388e-02	3.7234221e-02	-2.0923197e-02	5.7935242e-02	9.7840145e-02	-1.2495963e-02	5.1445547e-02	-1.0532527e-02	-1.1392791e-03	-1.3523504e-01	-5.7407035e-03	2.4090139e-02	4.1328784e-02	-6.5645821e-02	-4.4750132e-02	1.1874241e-01	-6.6990532e-02	9.1012985e-02	5.3639796e-02	-4.6785798e-02	4.8870798e-02	-9.0105217e-03	1.8340623e-02	-3.4142848e-02	3.0966481e-02	-4.8614919e-02	1.8146437e-02	2.9388040e-02	8.3067864e-02	-8.1157772e-04	-3.0656427e-03	-5.6561317e-02	-8.2440205e-02	1.3078084e-02	9.6267257e-03	-3.5501033e-02	1.5899334e-02	-6.1752174e-02	1.6809644e-02	2.4443613e-02	2.9221449e-02	4.1927878e-02	1.3272184e-02	-2.1828018e-02	3.3244577e-03	-2.4218442e-02	-2.5058715e-02	-1.1298020e-03	4.3151896e-02	-4.5386843e-02	-4.8721142e-02	-2.0446166e-02	5.6794014e-02	1.3083088e-01	-4.3726098e-02	-1.3411921e-01	5.0251249e-02	-2.6693944e-02	-5.0876513e-02	5.4544531e-02	2.6931699e-02	3.1284329e-03	3.7718529e-01	-1.7201829e-01
2.7880979e-01	9.0094037e-02	-5.2337348e-02	-7.9328470e-02	9.2647932e-02	-8.2851030e-02	1.6346736e-03	3.4261979e-02	1.5154296e-01	9.4259150e-02	1.8273419e-02	7.5687401e-02	-8.9625001e-02	-9.1261059e-02	-1.5443332e-01	-6.0073998e-02	-3.8149720e-01	-1.1680120e-01	-4.3238278e-02	1.5060900e-01	7.2068006e-02	-3.7993035e-01	9.2877392e-03	-1.2810826e-01	-2.7140772e-01	3.1904438e-01	9.5904641e-02	3.2892099e-01	1.1882506e-01	-2.4389139e-01	1.8685018e-01	2.6654664e-01	2.8470895e-01	-1.7592812e-01	9.3362629e-02	-1.2050540e-03	3.2010853e-02	1.9801335e-02	3.0127901e-01	-7.2610509e-01	3.2713032e-01	-4.3190233e-03	-2.0049211e-01	-1.5898977e-01	-8.9099810e-02	2.1530929e-01	1.4936171e-01	1.3725197e-01	1.1253143e-01	2.3063079e-01	1.9817924e-01	6.9135651e-02	-2.6374146e-01	-1.6273077e-01	1.3117033e-01	5.7573434e-02	-2.0122693e-01	-2.5743443e-01	3.0846509e-01	-1.6344909e-01	-7.9426907e-02	1.8232955e-01	-3.9729800e-02	-3.0954501e-01	3.9329329e-01	1.3626656e-01	2.1209772e-01	6.6173397e-02	1.4164294e-01	2.2606972e-01	-4.6140924e-02	1.2193957e-01	2.5842240e-01	-1.3538057e-01	5.6666481e-01	3.6017310e-03	1.6151464e-01	-3.0773407e-01	-1.8858728e-01	3.3457351e-01	4.2582291e-01	1.3300981e-01	2.0566064e-01	7.6611177e-03	-1.4920463e-02	-4.3434624e-02	4.6133972e-03	-2.4106681e-02	-3.1724417e-01	9.7544201e-02	1.2200128e-01	3.1276724e-01	5.8091540e-02	2.1477023e-01	1.7158091e-01	-7.9090603e-02	-2.8012380e-01	1.6263688e-01	-1.3473462e-01	9.5088407e-02	-3.8243677e-02	1.5098397e-01	1.2832332e-01	1.2757221e-01	-1.4828588e-01	3.3751217e-01	-1.2457908e-01	-2.4841289e-01	2.7325856e-02	3.2105058e-01	1.5400834e-01	2.8154337e-01	9.4643109e-02	-3.2706800e-01	7.7992737e-01	-2.7534428e-01	2.5472143e-01	-1.3667472e-01	-6.5207168e-02	-1.2207578e-01	-2.1481556e-01	-1.2803726e-01	-3.5255112e-02	2.2692707e-01	-3.4202126e-01	3.0985063e-01	9.3575723e-02	3.1288829e-01	1.9358669e-01	-1.7122716e-01	-3.7036373e-04	-2.1538539e-02	9.6994694e-03	1.8280606e-01	1.9138917e-01	2.2741224e-01	2.0650521e-01	-7.4308783e-02	-2.7039632e-01	-2.5273409e-01	9.3578480e-02	1.4250773e-01	-2.5256421e-02	-2.4750985e-02	-6.4550024e-01	2.7241692e-01	-3.9863679e-01	-2.6929221e-01	3.1178665e-01	8.1447162e-02	2.2152728e-01	2.3840977e-01	-2.2028524e-01	-2.0646361e-01	-7.6536018e-01	7.9716973e-02	-3.1767875e-02	6.6762012e-03	-1.8554600e-01	-4.3625105e-02	2.1898700e-02	-3.8282070e-03	2.4641621e-01	1.6214067e-01	-2.9423881e-01	1.5831643e-01	-2.2449933e-03	4.5806029e-01	-4.0131707e-02	1.3366723e-01	1.3643995e-01	-5.5745095e-03	2.7073720e-01	-1.3712436e-01	-1.3599360e-02	-1.4194018e-01	-2.7215895e-01	-2.6308689e-03	-4.5364365e-01	1.0615941e-01	2.6996508e-01	1.1811338e-01	6.3142672e-02	3.4541690e-01	1.8422870e-01	1.6508169e-01	-8.2176819e-02	4.9280328e-01	-2.4492025e-01	-1.0339396e-01	2.0558201e-01	-1.0453910e-01	-6.0146775e-02	-2.3803231e-01	1.6907978e-01	1.6829380e-01	8.8360876e-02	-1.9051662e-01	2.8897461e-01	-3.1649205e-01	6.5168753e-02	-1.2551406e-01	-4.3799412e-02	7.5507306e-02	-4.0598650e-02	2.4312018e-01	-2.1940078e-01	-4.5755231e-03	1.4682278e-01	2.8315043e-01	-2.4115914e-01	3.4080145e-01	2.4932174e-02	-1.5275817e-01	-2.7413961e-01	-2.7830857e-01	-4.3661624e-01	-1.8570733e-01	-1.7578545e-01	-1.4369676e-01	8.9644812e-02	2.2962108e-01	5.6585904e-02	1.7009570e-01	-2.9078540e-01	3.0871326e-01	-6.3507271e-04	-2.5061363e-01	1.3730007e-01	-2.8422255e-02	-1.4829421e-02	-1.4083823e-02	1.7861268e-01	-1.0026012e-01	1.6694336e-01	1.6749564e-01	3.1189909e-02	-1.3232261e-01	-5.7665560e-02	-4.5404416e-01	-3.3779569e-02	-1.4931206e-01	6.0996808e-02	-4.5923710e-02	1.1978973e-01	-2.4241562e-01	1.7236447e-01	3.2256478e-01	-2.0621577e-01	-1.5226285e-01	2.7457407e-01	-3.5927248e-01	-2.3998901e-01	-2.2301769e-02	1.1100786e-02	7.7317171e-02	2.5361562e-01	-2.2827215e-01	1.7393884e-01	4.0726516e-02	-5.5243932e-02	-5.7726432e-02	-3.2552975e-01	-3.0924171e-01	4.8990411e-01	2.8966886e-01	3.0888135e-02	1.1911746e+00	1.0234731e-01	-2.2153817e-01	-7.2374272e-01	-2.7012485e-01	1.6283426e-01	3.5665706e-02	1.5634232e+00	-2.2776419e-01	1.0713385e-01	3.7325602e-02	1.2632933e-01	1.5153788e+00	-2.2626454e-01	3.9820705e-02	1.3787986e-01	-1.8147523e-02	-2.8108451e-01	6.5267466e-02	2.2086110e-02	-1.3207348e-01	1.0339057e-01	5.1385831e-02	2.0499723e-01	1.8197697e-01	-1.4117169e-01	-5.2955490e-01	-3.6254775e-02	-7.2080605e-02	-1.7445993e-01	2.6410908e-01	-3.0617446e-01	-8.3848312e-02	1.3497217e-01	4.4058841e-01	2.5731960e-01	-1.5596637e-01	-1.1572697e-01	-2.6957184e-01	-2.3666067e-02	-3.6838815e-01	3.0603979e-02	-2.2997376e-01	-1.5064706e-01	-2.4584770e-01	1.4001422e-01	-6.2868781e-02	-5.3089106e-01	-1.7057920e-01	1.5189217e-01	-2.7445981e-01	-2.4344295e-01	3.2085752e-01	1.7094144e-01	-1.6566502e-01	-2.5963598e-01	2.0385565e-01	1.5972523e-01	-1.5726814e-01	3.3660328e-01	1.9163999e-01	-1.5014333e-01	-1.6361597e-01	-9.8999999e-02	1.1665168e-01	1.6760968e-01	3.4107730e-02	1.4789265e-01	3.1497464e-01	3.9821425e-01	-4.8284542e-02	1.4601605e-01	-5.2206814e-03	2.5537926e-01	4.0727630e-01	-2.4623798e-01	-2.2338900e-01	5.9843636e-01	-1.7589658e-01	-1.8135989e-01	-6.3144997e-02	1.6454589e-01	-1.5631868e-01	1.1495651e-01	1.2366005e-02	2.2104770e-01	-1.5734139e-01	7.7828813e-01	2.0767459e-01	8.5545033e-03	-3.2259669e-02	-2.2456428e-01	3.9645639e-01	-4.7026929e-02	7.4710679e-04	-2.5198734e-01	-3.8549073e-02	2.4266268e-01	-3.6146488e-02	1.3072836e-01	1.4150371e-01	-1.5124121e-01	-1.9236440e-02	-1.5055472e-01	1.3815019e-01	9.4775692e-02	1.6243577e-01	-6.9112800e-02	2.8410503e-01	-3.4785745e-01	-2.3645130e-01	2.0499563e-01	1.1640120e-01	1.3339294e-01	-1.0914950e-01	-2.4543105e-01	2.5361618e-01	1.0047192e-01	2.2822836e-01	2.2508461e-02	3.5828504e-01	1.9452789e-01	-1.9793214e-01	-6.3161917e-02	-4.0821422e-02	8.4717400e-02	-4.3583926e-02	5.6561428e-01	1.9521382e-01	-6.8900406e-02	2.4297126e-01	2.7110353e-01	6.6361271e-02	-2.5317058e-01	1.3291785e-01	2.2497667e-02	-3.9507054e-02	2.3048410e-01	-3.9128932e-01	-2.2064987e-01	-1.3253908e-01	6.5910056e-02	2.2025853e-01	1.0022573e-01	-2.1798630e-01	1.5300089e-01	-2.6023737e-01	-1.8949816e-01	-4.2912021e-01	2.9007152e-01	5.3423177e-02	1.7833896e-01	-3.2076936e-02	1.3975910e-02	-2.6633632e-01	1.3462201e-01	1.3382700e-01	-3.7184298e-01	-1.6860884e-01	2.6789221e-01	-4.5004702e-01	1.4897315e-01	-2.5966626e-01	-3.7119661e-02	-2.3628666e-01	-2.3222043e-01	1.6230449e-01	-1.4730890e-01	-1.8283480e-01	1.4492591e-01	-2.7055839e-01	1.3284115e-01	-4.7677049e-01	-6.5123022e-01	-4.4135469e-01	-1.7502597e-01	3.6909360e-02	-1.6002445e-01	4.0650446e-02	4.1038421e-01	1.5645888e-02	-2.7094740e-01	-2.3294015e-01	2.0972836e-01	-5.7792567e-02	-3.6760470e-01	-3.1519201e-02	1.5003231e-01	4.3568742e-01	-6.6085621e-03	6.9604762e-02	-1.9693533e-02	-2.0139286e-01	7.5099617e-02	1.7271098e-01	1.7332819e-01	-2.3983227e-01	-2.6707835e-02	5.6398738e-02	-1.3151310e-01	2.7818933e-01	3.1702569e-01	5.5894744e-02	-3.6313176e-01	-1.4534447e-02	2.2910221e-02	2.2717655e-01	7.4026757e-01	-2.5715628e-01	1.1952399e-01	1.4043702e-01	-1.3659264e-01	5.4616696e-01	1.6571829e-01	1.5475811e-01	9.7769149e-02	-2.3590074e-01	-1.0390309e-01	8.6093500e-02	1.2023101e-02	7.1940400e-02	-4.3069009e-02	1.1640538e-01	-2.3897740e-01	1.8612400e-01	5.4380324e-02	2.6588129e-02	-2.5632513e-01	-3.9061037e-01	1.3018902e-02	-2.1406774e-01	3.0186966e-02	-1.2201132e-01	2.9118678e-01	2.3333432e-01	6.6236302e-02	3.0523026e-01	-8.8799581e-02	-1.5849933e-01	-1.7291251e-01	-2.8678086e-01	-1.2783724e-01	1.4068066e-01	5.1740289e-02	-1.3601616e-01	3.3940210e-03	7.1435712e-02	-6.5516782e-01	7.2585762e-02	1.7055486e-01	-2.6862529e-01	-8.6275272e-02	-3.5113251e-01	-2.0862119e-01	1.6659756e-01	5.0455865e-02	2.2997050e-01	1.8497767e-01	2.0027578e-01	-1.3056347e-01	-1.2673086e-01	-5.1604778e-02	-1.9906011e-01	1.8173170e-01	1.6935000e-01	-4.4730976e-02	2.2349471e-01	2.2770141e-01	2.2924863e-01	-1.4109384e-01	1.8425237e-01	3.2723617e-02	-2.0364137e-01	-1.3605650e-01	2.5520727e-01	2.6561435e-02	-1.3725115e-01	-1.9727007e-01	1.2851974e-01	1.8713805e-01	1.0380503e-01	-1.6355954e-01	1.9582875e-01	-1.6652863e-01	3.2429732e-02	-1.0694542e-01	2.1286872e-01	-8.8760052e-03	-2.0194331e-01	5.5881858e-02	2.7973449e-02	2.0109035e-01	-6.7519903e-02	-1.1668968e-01	4.4394727e-03	-1.5858458e-01	2.2674994e-01	-3.7945020e-01	-2.6547629e-01	-1.8796070e-01	-1.5742292e-01	-1.5092567e-01	-7.5639710e-02	-1.3965845e-01	1.5314814e-01	9.5067501e-02	4.3157004e-02	-1.7143653e-01	-4.6791878e-01	-4.8269942e-02	-1.9022059e-01	-9.6921913e-02	9.2233807e-02	-2.0365534e-02	-8.2763664e-02	5.2092746e-02	2.0270073e-01	-6.0103796e-02	-1.9486059e-01	-9.0268947e-02	-1.1993580e-01	-9.7187445e-02	-4.8787963e-02	-1.4050056e-01	2.8290207e-02	2.7363592e-01	1.2047477e-01	1.3382604e+00	1.2198906e-01	-2.7233827e-01	-7.7956401e-02	-2.5698403e-01	-2.0160520e-01	2.8003898e-01	-2.8208396e-01	1.6029634e-01	-1.2163831e-01	-3.5505912e-01	2.1949285e-01	2.7854255e-01	7.7810109e-02	-2.4933673e-01	-2.7969098e-01	2.9602650e-01	-2.3710662e-01	-1.6248474e-01	3.0402339e-01	-1.4810275e-01	-3.5550583e-02	-7.8167491e-02	-2.6183006e-01	2.4744019e-01	-2.5730118e-01	-3.4154874e-01	1.6967811e-01	1.6138138e-01	-1.9796862e-01	9.5114565e-01	2.5151077e-01	-1.6075335e-01	-2.3510292e-02	1.0838153e-01	2.2645292e-01	-5.0559413e-01	-1.0872019e-02	5.6732684e-01	3.6378959e-01	-5.8545566e-01	-1.2306000e-01	-5.6276590e-02	8.2826139e-03	-1.0633139e-01	6.6006881e-01	1.2061630e-01	8.8949248e-02	-5.3810898e-02	9.7670659e-02	-2.1866056e-01	5.1437430e-02	2.9723123e-01	-3.9598595e-02	-1.5762003e-01	5.9369054e-02	2.4822938e-01	-2.9251409e-01	2.0480150e-01	3.2641268e-01	3.1419340e-01	1.9318804e-01	2.1065439e-01	-7.6831087e-02	5.4791000e-02	-2.1910673e-01	-3.2677385e-01	1.3160464e-01	-1.6505852e-02	-1.6356334e-01	3.7649846e-01	-2.7099109e-01	7.3672667e-02	-5.8879718e-02	1.5939818e-01	5.6413267e-02	-2.8648621e-01	1.5174493e-01	1.2956157e-03	2.7060243e-01	5.1126093e-01	7.2834198e-03	4.5039404e-02	-4.5551348e-01	1.2145699e-01	5.8577567e-01	1.3488299e-01	-1.6201158e-01	-1.8937817e-01	2.3963481e-01	2.4320433e-01	-1.1793527e-01	-9.1605403e-02	-1.7939951e-01	2.2916918e-01	-3.0512987e-02	-2.2029330e-01	-3.1470358e-01	1.2215348e-01	-8.1836320e-02	-1.7818943e-01	3.3622801e-01	2.9973415e-01	4.8834074e-02	-1.3811563e-01	1.5421164e-01	-2.2229829e-01	-9.7929522e-02	5.4939594e-02	3.3879202e-02	-1.2499632e-01	-4.9500693e-02	-7.5866997e-02	-4.1410059e-01	-3.7272251e-01	-1.1918411e-01	-2.6140269e-02	-2.3592497e-01	-1.5032521e-01	-2.6235446e-01	-1.9582626e-01	-3.0267712e-01	3.0290750e-01	-2.9760206e-01	-2.5134271e-01	3.0918447e-02	-2.0657286e-01	1.3162649e-02	4.4333141e-02	5.7924017e-02	2.4364568e-01	3.3064592e-01	1.9214419e-01	2.6741104e-02	-3.1121543e-01	-7.4184589e-02	2.9990891e-01	-1.5941781e-01	2.7854151e-01	9.5880687e-02	-9.2476323e-02	2.0718996e-01	-4.8426066e-02	4.6254387e-03	2.8927609e-01	-2.3481549e-01	-4.1986670e-02	5.6384776e-02	4.2440340e-02	-1.4395142e-01	3.9571327e-01	1.9320533e-02	1.2413590e-01	8.7794900e-02	-2.0277093e-01	-1.1932591e-01	-2.0023963e-01	-8.9998998e-02	-1.1848232e-01	-7.5705230e-02	3.6593017e-01	1.6582900e-01	2.5296327e-01	-4.4586009e-01	6.2898979e-02	4.7194421e-01	-7.4676700e-02	3.1741062e-01	-2.3470496e-01	3.6695100e-02	4.8961034e-01	2.3309159e-01	1.2018931e-01	8.5343339e-02	1.6925564e-01	-1.6078345e-01	-2.4315061e-01	-3.6828216e-02	-4.4654939e-02	-6.6540724e-01	-6.6553643e-03	-3.0672714e-01	-2.4896289e-01	-7.2338790e-02	-2.1316735e-01	-1.9919795e-01	-1.5612368e-01	-1.2593767e-01	2.2461617e-01	-2.8210890e-02	-9.1604328e-01	8.7823376e-02	3.0792239e-01	2.0148782e-01	-2.5770867e-01	-8.2815826e-02	2.8584093e-01	-1.5627855e-01	-6.2455423e-02	4.3125674e-02	-1.1651306e+00	-4.8633432e-01	-3.4724483e-01	3.0872896e-01	-2.6259682e-01	7.2649948e-02	-1.6154666e-01	-8.7815292e-02	1.2853824e-01	1.0042325e-01	3.0639821e-03	-1.6168867e-01	2.4644841e-02	-4.9520053e-02	-1.5922184e-01	-2.9888225e-01	4.5198232e-02	8.5055485e-02	2.3584501e-01	1.1804818e-02	-3.4550482e-01	2.3084213e-01	2.1165097e-02	-3.2516874e-02	-1.5540701e-01	-3.8437042e-02	1.7523141e-01	-5.4859839e-02	1.0944089e-01	1.4025454e-01	1.6278161e-01	1.9478120e-02	1.9095349e-01	-2.5055358e-01	2.1834436e-01	5.4551993e-02	2.4834329e-02	-1.1487444e-01	5.4037135e-02	-5.0649446e-02	-6.9660264e-01	3.0563483e-02	-1.5237711e-01	-2.3227885e-01	-6.8903856e-02	7.1041465e-02	1.7015406e-01	1.7570952e-01	2.0053981e-01	-1.5043205e-01	9.2398703e-02	-2.5557780e-01	-3.0107373e-01	-9.6977219e-02	1.4574687e-01	1.0683423e-01	-2.6665848e-01	1.3737315e-01	9.8739102e-02	6.6414155e-02	-1.6111577e-01	-1.2975797e-01	9.2546582e-02	1.0780525e-01	-2.6520076e-01	4.0331859e-02	1.7964296e-01	-2.8521409e-02	1.2630151e-01	-6.6668671e-03	-4.2414537e-01	9.6777849e-02	-2.1183959e-01	-6.2794560e-01	1.1389568e-01	-1.3796329e-03	2.2402243e-01	2.0517376e-01	1.8181321e-01	-2.9194352e-01	-5.2426356e-01	9.6720129e-02	-3.2021070e-01	2.2364718e-01	1.5903682e-01	-6.6583997e-01	-2.3861079e-02	-6.3122124e-03	-1.8894929e-02	-1.7017356e-01	-3.3596730e-01	-1.4185427e-01	-1.2679037e-01	2.7467278e-01	4.1937236e-02	3.2676678e-02	-2.5640032e-01	2.9386586e-01	-9.5480278e-02	9.5987901e-02	-2.3924990e-02	-3.6919993e-01	3.3531014e-02	-9.9161379e-02	1.8428755e-01	1.3566765e-01	-2.1379514e-01	5.6297168e-02	-1.9402969e-01	-1.1550725e-02	1.6184726e-01	-1.8861347e-01	2.5442579e-01	-3.5972127e-01	1.8959539e-01	2.2241145e-01	-2.9530225e-02	1.5091076e-01	7.5166464e-02	3.4609586e-02	-1.0309865e+00	6.9379129e-02	-1.2678127e-02	-2.3651472e-01	-1.5019152e-01	-4.6618113e-01	6.7696035e-02	5.2543383e-02	2.4233475e-01	-7.4539669e-02	-6.6707996e-03	-2.7882913e-01	6.8462312e-02	5.7777558e-02	2.2379772e-01	-8.2228631e-02	7.8171134e-02	-1.8189575e-01	9.7185418e-02	-3.0576941e-01	1.8209958e-01	-3.9399784e-02	1.8347350e-01	2.8984815e-01	-2.3898265e-01	2.3458332e-01	2.6547620e-01	2.1861833e-01	1.6963577e-02	-1.0916252e-01	-2.2487271e-01	-1.5444677e-01	-3.6989385e-01	3.5173383e-02	1.5427840e-02	-4.1187722e-02	-8.4258400e-02	-1.8473357e-01	-1.9266135e-01	1.9848190e-01	1.6218115e-01	-8.8456282e-03	-2.2787027e-01	-1.4852971e-01	2.2655831e-01	-4.8804468e-01	-4.8666871e-01	-1.6299805e-01	1.3721979e-01	2.3296893e-01	8.7182164e-02	-1.7758477e-01	-2.8539756e-01	1.0151975e-01	2.4088153e-01	-4.3781343e-01	2.6448229e-01	-2.4465719e-01	-3.6515966e-01	-3.8778536e-02	-2.2290996e-01	-3.6045924e-01	-3.4200194e-01	1.1176407e-04	-2.9162955e-02	-2.1145530e-01	-1.5788345e-01	1.2358271e-01	4.0487966e-01	3.9778791e-02	-1.9361609e-01	6.0536161e-02	1.9469577e-01	3.2760873e-01	-5.0136801e-02	-6.7247371e-03	1.8159913e-01	-3.2654542e-01	-2.8919524e-01	-1.3732742e-01	-3.0353084e-01	2.6893562e-01	-4.2301086e-01	-1.2495326e-01	2.6932839e-01	2.5279289e-01	1.7400993e-01	-7.5366095e-02	-3.4363058e-01	3.8961101e-02	6.9792971e-02	1.5012993e-01	4.5564520e-01	-5.2941088e-02	1.1182386e-01	-2.0829782e-01	-1.5856218e-01	2.1126200e-01	-2.6851997e-01	-1.1172623e-01	-4.1899464e-01	-3.2504568e-01	1.1323761e-01	2.2108862e-01	2.9886341e-01	1.1482207e-01	2.4905635e-01	-4.5051152e-01	2.7925065e-01	-6.6755794e-02	4.9216025e-02	4.9797017e-02	-1.7327611e-01	-1.0336221e-01	1.8142292e-01	1.0739345e-02	2.6978320e-01	4.3356024e-02	-2.2810021e-01	9.6689127e-02	-3.3073023e-01	-1.6102715e-01	-2.8609756e-01	2.8757125e-01	-2.7412158e-01	1.8101962e-02	2.7117640e-01	2.7627969e-01	-7.3116701e-03	-6.3696086e-02	-2.3479853e-02	1.8979903e-01	2.4757870e-01	1.2100927e-01	3.3184719e-01	8.1803419e-02	1.1639053e-01	-2.2163625e-01	2.0999376e-01	1.5661784e-01	1.7248692e-01	-1.4583853e-01	2.4672320e-01	-1.9300829e-01	2.4570523e-01	1.0055474e-01	6.4633168e-02	-6.3883908e-02	-2.6916817e-01	5.9258036e-02	1.3749079e-01	1.5790267e-02	2.8281096e-01	-2.2922626e-01	1.0837291e-01	1.4075463e-01	1.2956147e-01	-3.3315185e-01	1.2191394e-01	2.1018201e-02	-5.0359130e-01	-1.0109780e-01	2.1697357e-01	-2.3751257e-01	1.7894417e-01	4.9391109e-02	-2.6474863e-01	9.4783768e-02	-5.0120078e-02	-5.5219173e-02	1.9760856e-01	1.5515983e-01	-1.1321077e-01	4.5244861e-03	-2.3903678e-01	2.9610303e-01	1.3314176e-01	1.9633400e-01	-2.6645878e-01	-1.4528795e-01	-5.7688121e-02	2.3377540e-02	-1.1433508e-01	1.5920465e-01	1.3066126e-01	-2.6532032e-03	-4.8710190e-02	-1.8676049e-01	3.4484816e-01	-4.0641699e-02	1.6645016e-01	1.4665338e-01	-2.2960193e-01	5.0320864e-01	3.3092725e-01	-2.6964936e-01	-2.1444297e-01	3.5316437e-02	-3.1621695e-01	8.6083882e-02	-1.5977089e-01	2.0885496e-01	-1.8667121e-01	-2.0743327e-01	2.7242520e-01	-2.7060309e-01	-7.1269885e-02	1.8953076e-01	-3.7857674e-02	4.5667507e-02	2.7740222e-01	-3.4681022e-02	-1.6652399e-01	-2.4649088e-01	-4.3837287e-02	1.4501859e-01	3.0908877e-01	-6.5096393e-03	-8.6247072e-02	6.2242415e-02	1.6320032e-03	2.9565594e-01	9.5238931e-02	1.9860315e-01	-1.5083355e-01	1.2185548e-01	-1.5784776e-01	8.0229461e-02	1.3108511e-01	-2.7069887e-02	-1.1050654e-01	1.0363066e-01	-2.1857280e-01	3.1659564e-01	1.6596404e-01	2.0391296e-01	5.9258457e-02	-8.5189141e-02	3.8686365e-02	2.0933107e-01	2.8354287e-01	-1.4599312e-02	-1.6673075e-01	2.6259652e-01	2.3498492e-01	4.0482044e-02	-1.8123809e-01	1.5491252e-01	1.1259175e-01	-1.9680600e-01	9.5609516e-02	-8.7889090e-02	2.5874665e-01	-7.3142581e-02	-1.6796185e-01	6.1815284e-02	-1.0788421e-01	4.8035614e-02	1.9955689e-02	2.5713202e-01	2.8187469e-01	9.0863153e-02	2.2880222e-01	2.2879311e-01	2.3958445e-01	-3.3547054e-03	-1.2058671e-01	1.0481816e-01	-1.1491890e-02	2.9700893e-01	-3.5781538e-01	2.3266730e-01	1.5564318e-01	-1.3784906e-01	-1.1285772e-01	-1.9736174e-01	-2.5424019e-01	2.3433410e-01	-3.6540732e-02	-1.0148222e-01	1.6258980e-01	-2.7374536e-02	-8.9801461e-02	1.4051391e-01	1.9435610e-01	2.3456167e-01	-2.6030058e-01	-2.1900900e-02	-3.0665818e-01	-1.7742015e-01	-1.7178890e-01	-2.8360134e-01	-2.3964538e-01	1.2102783e-01	4.2445734e-02	1.2064442e-01	-2.6446855e-01	6.7728050e-02	2.8248039e-01	-5.0082158e-02	1.5896878e-01	2.7617380e-01	1.2882616e-01	1.7812325e-01	1.0262673e-01	1.0694736e-02	2.0908402e-01	-1.5144813e-01	-7.9578042e-02	8.7062620e-02	-5.4704648e-01	2.3735712e-01	2.9458115e-02	-2.5866812e-01	1.4659470e-01	-1.4435914e-01	7.3990852e-02	-2.7633223e-01	-3.7781015e-01	2.5355345e-01	-7.6792759e-01	2.4979390e-02	1.5342985e-01	2.1898660e-01	1.7942378e-01	-4.0733778e-01	-1.8581951e-01	-1.8797074e-01	-3.0207860e-03	8.7612577e-02	1.3701200e-01	-8.5654505e-02	2.2239739e-02	-7.9475366e-02	2.3643951e-01	-2.2929032e-01	1.6059768e-01	1.3490522e-01	4.5460891e-02	1.1114869e-01	-1.3029432e-01	9.8633908e-02	-3.5600841e-01	-1.5107660e-01	3.8270932e-02	-2.9860565e-01	-1.2042472e-01	2.6653379e-01	1.1236233e-01	1.7529259e-02	-3.6220148e-02	-1.9889662e-01	1.3876840e-01	2.0428896e-01	-1.6167261e-01	1.7751847e-01	-3.5708454e-02	-2.0107193e-01	1.9317077e-01	-2.5793092e-02	8.2596409e-01	7.6698788e-02	4.2495482e-02	1.9431740e-01	4.6710707e-02	-1.9056299e-01	3.1415826e-01	1.0747309e-01	-2.5416899e-01	9.8471135e-02	3.0179244e-01	1.8591484e-01	2.7233577e-01	4.1009657e-02	4.1087682e-05	-1.4807634e-01	-1.5622754e-01	2.1970594e-02	-5.9674736e-02	7.6373458e-02	-1.3376033e-01	8.2599975e-02	-1.5286420e-01	-2.1260209e-01	1.3365169e-01	-1.8253435e-01	-2.4435675e-01	7.7125818e-02	5.8511447e-02	-1.3926135e-01	-2.1313719e-01	-6.6172801e-02	-8.9278191e-02	-1.3452741e-02	1.6987804e-01	-8.2737081e-02	3.0511257e-01	2.3061849e-01	-4.5099873e-02	-9.8428711e-02	-3.2270494e-01	-3.2299891e-01	-1.8462253e-01	-2.8568944e-01	2.3996708e-01	-2.6719585e-01	1.3469703e-01	-2.1263184e-01	-2.6363552e-01	-3.6251736e-01	4.8110229e-01	-4.1272625e-01	-3.3530861e-01	2.7231139e-01	5.4369211e-02	-1.1640030e-01	1.5849423e-02	-3.9460946e-02	7.8310750e-02	2.0407911e-02	-1.2808156e-01	-9.0460107e-02	6.3355188e-03	-1.6942333e-01	1.3627253e-01	-6.4753503e-02	-7.4356951e-02	1.5763721e-01	1.7076807e-01	-5.3258456e-02	-1.0025246e-01	-1.9022411e-01	2.5301898e-01	5.4491615e-01	-7.8736953e-03	1.1275151e-01	2.7599785e-01	-3.0412583e-02	5.5232592e-02	-2.3377724e-01	9.8184520e-01	4.1831911e-02	7.7564619e-02	-4.3498546e-01	-1.0975038e-01	-1.3849869e-02	-2.6870748e-01	-3.6197120e-01	-3.5225488e-02	-8.2761347e-03	-1.5259531e-01	-2.1139082e-01	6.2717378e-02	1.4390729e-01	-1.9691819e-01	-1.0238698e-01	3.0503258e-01	-3.4365287e-01	1.1274897e-01	2.7586690e-01	3.3880636e-01	3.8277489e-01	1.3576335e-01	-1.8728639e-01	4.0464893e-01	-1.4225185e-01	-3.5099417e-01	3.5292709e-01	1.9574541e-01	-1.8007427e-01	8.5118204e-02	1.1741995e-03	5.7651851e-02	3.8717607e-01	1.6878544e-01	-1.8518376e-01	-1.5284944e-01	-3.3133721e-01	5.7080388e-03	2.7177528e-01	1.5745910e-01	1.4064686e-01	-1.5938196e-01	6.9638148e-02	6.7315571e-02	5.2122200e-01	-1.1098558e-03	-8.4337540e-02	-8.5980192e-02	-1.5087169e-01	-1.2956120e-01	-1.9713286e-01	3.3587724e-02	-2.9913557e-01	1.3754165e-01	-1.9266674e-01	-1.2726368e-01	3.2958515e-02	-4.8721865e-01	-1.8189193e-01	1.0862885e-01	-4.3321433e-03	-3.9368513e-01	-3.7901516e-03	1.3717464e-01	1.0438193e-01	-2.8249520e-01	2.6007837e-01	2.0234527e-01	1.7416723e-01	-5.0357884e-01	-2.1958688e-01	-1.3048424e-01	-4.6320981e-03	-3.1438714e-01	1.5398276e-01	5.2861476e-01	-2.2343920e-01	2.4811883e-02	-2.1819611e-01	4.1820981e-02	-2.1198770e-01	-2.0722038e-01	-3.8898098e-01	1.7795244e-02	1.2978205e-01	1.9156471e-01	5.6166124e-02	-3.8221743e-02	-1.2590496e-01	2.7304339e-01	6.5342948e-02	5.0471795e-01	-5.1227611e-01	-2.1715723e-01	1.5074113e-02	-2.3892716e-01	-2.5664368e-01	-3.9865753e-01	2.7553216e-01	-2.9137290e-01	1.6881262e-01	-1.2699499e-02	1.4632170e-01	2.6037613e-01	2.5308961e-01	3.0215308e-02	1.6275896e-02	6.6482686e-02	-2.2059888e-01	-3.5845101e-02	-1.5692987e-01	-7.2200187e-02	3.1803736e-01	3.2965425e-01	-2.8941578e-01	1.0505947e-01	5.0292745e-02	8.4579680e-03	1.5650833e-01	-5.0344110e-01	1.6794662e-01	-6.2101586e-03	7.2867610e-02	-1.2467749e-01	-1.9633152e-01	4.4373821e-02	1.7486941e-02	1.8232937e-01	-3.8774140e-02	-1.0282157e-01	-3.1927460e-01	4.8710361e-02	4.8205853e-02	-1.6832100e-01	2.3484224e-01	-9.6195184e-02	1.0860060e-01	-1.1104569e-01	-1.9049349e-01	3.2574907e-02	-1.5493016e-01	1.5756071e-01	-2.6809570e-01	3.2594454e-01	-5.1976059e-02	-1.8819539e-01	-8.3993822e-02	2.5028181e-01	2.0896389e-01	4.5335013e-02	2.3155539e-01	3.1519422e-01	-2.4490781e-01	-8.7784506e-02	1.6413589e-01	1.0648726e-01	-2.0319206e-01	1.1253587e-01	-4.7545996e-01	-5.2159607e-01	2.2779478e-01	-1.0336889e-02	7.1671747e-02	-8.6172655e-02	3.7382302e-01	4.1939054e-02	-1.9811592e-01	-2.1665964e-01	1.7726766e-01	-7.5330257e-01	2.0448172e-01	2.6439050e-01	-2.9609469e-01	-2.4421218e-01	-1.4836051e-01	2.2099122e-01	-2.9258350e-01	-1.6332768e-01	1.9127196e-01	2.1647224e-01	5.0356525e-01	1.5769465e-01	-3.1163143e-02	3.3073679e-01	-6.2944248e-02	-2.4509911e-01	2.8848851e-01	-1.3320377e-01	-3.8686976e-01	7.7468473e-01	-1.6834721e-02	9.4101548e-02	1.4086957e-01	1.9363662e-02	3.4684315e-02	-5.1620954e-01	-2.2183815e-01	2.1335952e-01	4.0670955e-01	9.5693832e-03	-1.9237921e-02	-1.1817145e-01	-2.0479245e-01	1.4600435e-01	8.9938653e-01	-1.1469527e-01	-7.9647295e-02	2.5751548e-02	-7.5114019e-02	2.0979668e-01	1.0346791e-01	1.4598697e-01	1.6270581e-01	2.0365642e-01	-3.2041571e-01	-1.5129490e-01	2.0016308e-01	1.8275452e-01	1.5287893e-01	2.7859150e-03	4.8127049e-01	-6.3695657e-01	-2.7675685e-01	-5.5849992e-02	-2.6443776e-01	-2.7993408e-01	9.9257365e-02	1.6030462e-01	7.8171931e-02	2.1290201e-01	2.8485337e-01	-3.3659670e-01	4.4085139e-01	-9.3187466e-02	5.1652521e-02	1.3639244e-01	-1.0791846e-01	1.9923935e-02	3.7487113e-01	3.7945956e-01	-6.5229982e-02	1.4295967e-01	-1.7489839e-02	5.8914997e-02	-1.1156520e-01
-1.4256708e-01	-1.9343115e-01	1.6097170e-01	-5.0722696e-02	-1.0597023e-01	1.9941314e-01	-1.3478422e+00	-1.8758218e-01	9.7105123e-02	1.3062437e-02	2.2212469e-03	-1.3182778e+00	-1.1116474e-02	1.7214705e-01	1.2434081e-01	1.3556650e-01	-1.0615928e+00	-2.6252291e-01	-6.5021616e-01	-3.9698055e-01	-1.6255218e-01	-3.7748560e-01	-9.7190142e-02	4.2882845e-01	-1.9492391e-01	-1.6493602e-01	-2.9763693e-01	1.9781233e-01	-1.5732531e-01	1.2369633e-01	3.3651331e-01	2.0802301e-01	-3.3150011e-01	5.7258451e-01	-5.8663797e-01	-6.6110820e-02	-1.1759935e-01	1.3801891e-01	-4.6675342e-01	-3.9299533e-02	-3.0722663e-01	3.2557541e-01	-3.5805109e-01	1.5410210e-01	-2.5512165e-01	2.0940062e-01	1.2591571e+00	3.0765346e-01	1.0221112e-02	-1.8042318e-03	-7.0036589e-03	1.3894365e+00	-9.2638560e-02	-1.7931864e-01	-2.9327160e-01	3.3402881e-01	7.1066689e-01	-2.3790643e-01	-2.4171130e-01	3.5040259e-01	7.6419309e-02	-4.7766417e-01	3.1022106e-03	-1.9363102e-01	1.6287602e-01	2.3932418e-01	-1.1297692e-01	-4.0851817e-02	-7.2744630e-02	-7.1718752e-02	-1.2158061e-01	-5.6460060e-02	3.4328488e-01	-7.4784529e-01	4.5369813e-01	-2.2779649e-01	-5.2351701e-01	1.7965268e-01	1.0113549e+00	2.4063282e-01	-3.0452096e-01	-1.6491771e-01	-1.4819080e-01	2.5548571e-01	-5.3228442e-02	-5.9169587e-02	-4.9754578e-01	-1.8257602e-01	-2.9469806e-01	8.0774203e-02	5.3312134e-02	-5.1794904e-01	-2.0170537e-01	1.1444296e-01	3.1290594e-02	-3.7943706e-01	-2.5279242e-01	-2.4357368e-01	6.5976661e-01	1.2603071e-01	-9.9581361e-02	1.1988882e-01	-4.0917754e-01	-2.0425424e-01	-9.1054857e-02	6.3265547e-02	-5.4506417e-02	1.8984565e-01	4.0910844e-02	9.8748833e-02	-9.9076740e-02	-6.9823451e-02	1.9696286e-01	1.0884925e-01	4.1321507e-01	7.2387442e-02	-2.1483654e-01	-9.3033202e-03	-9.5240051e-01	-7.7381015e-02	-7.2612159e-02	-2.7825275e-01	2.9591814e-01	-1.5184703e-01	2.9219261e-01	-5.4027271e-02	-3.0852428e-01	-2.4942897e-01	-1.1905582e-01	-5.9638117e-02	5.6810495e-02	-9.0721987e-02	-2.5480333e-01	-3.7060231e-02	-8.6818337e-02	-2.1232775e-01	-3.1024873e-01	-1.4552119e-01	2.4870412e-01	2.1903814e-01	2.0356616e-01	3.5918760e-01	1.8926511e-02	-1.3920143e-01	-8.4440984e-02	3.0183175e-01	1.8925701e-01	7.4050292e-02	2.4550942e-01	-7.2991010e-03	1.5222041e-01	-1.2225883e-01	9.8294064e-02	1.3319604e-01	-3.0550036e-01	-3.9846513e-02	1.1634483e-01	2.0369555e-01	1.7773952e-02	-6.0706683e-02	-6.7774452e-02	-2.4988627e-01	-6.3556261e-02	1.1912336e-01	2.5052014e-01	-2.7007589e-01	-6.5865940e-01	1.8607835e-01	3.4614819e-01	-3.0966619e-01	-2.0117198e-01	-6.4078581e-01	-3.4870822e-02	1.6760337e-01	1.1404490e-01	-1.4761133e-02	-4.7634834e-01	-1.0869216e-01	1.3069628e-01	1.8727258e-01	-9.0449706e-02	-1.2685445e-01	-1.7813030e-01	3.0214489e-01	9.9216886e-03	2.6097646e-02	-6.8494797e-02	6.0946383e-02	1.0811130e-01	-1.6463442e-01	1.9527321e-01	-1.2262839e-01	-3.0657968e-01	1.7005947e-01	-2.2556235e-01	-7.6275520e-02	-9.2735805e-02	-2.9753444e-01	-3.2273856e-01	1.3168645e-01	1.1977232e-01	-3.6799917e-01	-2.0454472e-01	1.1811847e-01	5.0403588e-03	2.5048354e-01	-5.4993421e-01	7.0122816e-02	6.8217507e-03	1.8131757e-02	2.5778395e-01	1.4588233e-02	9.1703624e-02	2.0572752e-01	3.5437476e-02	-3.2907444e-01	4.2315345e-02	-1.7085673e-01	8.6392440e-02	-1.6261312e-01	-1.1892005e-01	-1.1870405e-01	-8.3233386e-02	2.0894811e-01	1.5070793e-01	1.2162387e-01	-2.8008881e-01	2.4681448e-03	-7.3813416e-02	5.3175919e-02	1.7517945e-01	2.1772502e-01	-1.2771690e-01	5.2885735e-01	-5.6218582e-01	-8.2622297e-02	-4.1013721e-02	-1.9260250e-01	-1.1041539e-01	8.6204447e-02	3.2992643e-01	2.6105452e-01	2.1637505e-01	2.0990331e-02	2.0594341e-01	1.4111577e-01	7.0482589e-02	-8.2171969e-02	2.3148496e-01	-6.8875194e-02	3.0976483e-01	3.0849215e-01	-3.4301236e-02	1.0768493e-01	-1.7134960e-01	-1.1447298e-01	2.5230062e-01	1.6247758e-01	7.4198581e-02	1.7707263e-01	-5.2102573e-02	1.4186597e-01	1.9390058e-02	-3.9360706e-02	-1.6896291e-01	9.4545141e-02	-1.5690516e-01	5.4204836e-02	1.5873843e-01	2.8884906e-01	-9.3326181e-02	-2.0191136e-01	-2.2855876e-01	2.3601273e-01	-1.4908436e-01	4.4138886e-02	-4.5902487e-03	1.6809231e-01	2.5272259e-01	-2.2604156e-01	-1.9240057e-01	-3.3887662e-02	6.9820523e-02	-2.0149249e-01	2.5623167e-01	2.1694918e-01	-2.9700038e-01	3.2733214e-01	-3.6662444e-01	-1.1766386e-01	2.9756582e-01	3.3430070e-01	-1.3066740e-02	3.5359524e-02	-1.0778688e-01	1.2197915e-02	-1.8697026e-01	-2.3697264e-01	-3.8934058e-01	-1.3134377e-01	8.7255174e-03	1.5216364e-01	-1.2964392e-01	7.9533741e-02	2.5730124e-02	1.9846952e-01	-8.6343013e-02	2.6409554e-01	-6.8437539e-02	8.0784462e-02	1.4246690e-01	-2.9804814e-03	6.7362063e-02	2.2770050e-01	1.1466174e-01	3.7885383e-02	-1.2274832e-01	1.9750444e-02	-1.8260112e-01	-9.2112862e-02	2.8028521e-01	8.7385133e-02	-1.9626911e-01	-1.9520178e-01	2.3244806e-01	1.0311828e-01	-5.2571137e-02	5.9181482e-02	-2.1501493e-01	9.8748058e-02	2.3741397e-01	-4.4026187e-01	-3.6257986e-02	-6.1673503e-02	6.8923369e-02	2.9675689e-01	5.8185276e-02	2.1271507e-01	-3.2356735e-02	-1.4139885e-01	-8.0333203e-02	-3.4643543e-01	-9.0452917e-02	-1.6265546e-01	1.3079216e-01	-4.7273305e-03	-1.8744718e-01	-2.1162796e-01	2.4718109e-01	-1.4528474e-01	1.6668709e-01	1.7470732e-01	-3.0373895e-01	-2.2915711e-01	-6.2782764e-01	-3.5714032e-03	-2.3022872e-01	-2.2315454e-01	2.7669007e-01	-2.7348191e-01	-8.6673707e-02	1.1017846e-01	9.5732644e-02	1.8250053e-01	2.0998909e-01	1.2452221e-01	-4.5141163e-01	1.3749792e-01	5.7814959e-02	-1.9493343e-01	-1.5459405e-01	-4.2042822e-01	-7.7406168e-02	-1.5924077e-01	3.3268404e-01	3.7347782e-01	-2.3660177e-02	-2.5902060e-01	3.3066317e-01	-2.2629203e-01	-1.8338154e-01	-1.1067075e-01	-3.5962173e-01	1.9781508e-01	-9.6223922e-03	-2.8190529e-01	-1.3332032e-01	-1.1444580e-01	1.9225584e-01	-2.8865270e-02	-2.7993572e-01	2.4802384e-01	2.8092910e-02	-2.3641381e-01	3.0287832e-01	-1.9335081e-01	3.9160635e-02	1.1457790e-01	2.3848633e-01	5.9207924e-02	2.3652367e-02	-7.5842761e-02	-9.8309226e-02	-1.0663474e-02	-8.4432565e-02	2.9478338e-01	1.0347611e-01	-4.4659585e-02	-1.8758483e-02	2.2080460e-01	1.7632599e-01	4.9698597e-01	2.2125641e-01	9.3406424e-02	1.0788514e-01	-3.9511222e-01	-6.8161361e-02	9.9748790e-02	2.7167872e-01	-2.5301579e-01	2.3947501e-01	2.7793503e-01	-1.4308415e-01	-1.0263845e-01	8.8493796e-03	-6.6627273e-03	1.0272846e-01	1.2058841e-01	-5.5297121e-02	-1.2900424e-01	1.7240345e-01	1.8991068e-01	3.3950418e-01	-4.8524246e-02	1.6686104e-01	1.1960962e-01	-6.3331790e-02	-5.0464587e-04	-2.8491166e-01	2.1629451e-01	-7.6033175e-02	9.9801078e-02	-8.9908279e-02	-2.3108532e-01	1.5572116e-03	-5.1605020e-02	-5.6258571e-01	-1.6264774e-01	1.2967850e-01	-8.9671619e-02	2.0941041e-01	-3.8925067e-01	-4.1369119e-01	2.5711080e-01	-1.6360146e-01	-1.5259007e-01	-7.3363215e-02	8.3233975e-02	5.6656921e-01	-2.8558356e-01	-3.8477340e-01	-2.1262808e-01	-2.8583646e-01	-1.6887563e-01	-7.1637332e-02	-2.6463392e-01	-4.5547359e-02	1.4373828e-01	2.4315874e-01	3.4872755e-02	-3.2795873e-01	2.2863960e-01	-3.2232687e-01	3.1679550e-01	3.6382037e-01	-2.1058957e-01	4.8376128e-02	2.1691449e-01	-4.9988401e-01	-2.3208466e-01	1.6437340e-01	-2.4941579e-01	1.3367841e-01	-1.4834867e-01	-1.0289161e-02	-8.0947213e-02	2.6702100e-01	2.5125927e-01	1.1169385e-01	3.6669642e-02	2.5073439e-01	4.4749060e-01	8.2871854e-02	-9.0887710e-02	1.3872731e-01	1.5777200e-01	-1.3622804e-01	-2.2793004e-02	4.5082655e-02	-1.2974277e-01	2.8029355e-01	7.3888220e-02	2.6424778e-01	7.0954666e-02	6.8595357e-02	3.0750742e-02	1.8608344e-01	1.3318636e-01	-4.5560028e-02	-1.2086324e-01	2.7173454e-01	-2.9602671e-02	-1.0290029e-02	1.5700193e-01	-1.5758847e-01	1.8987593e-01	9.1492161e-02	2.6034597e-01	4.9352292e-02	-1.4299653e-02	-2.0641829e-01	-1.4722664e-02	-6.4159766e-02	-1.7119963e-01	7.4084446e-02	-1.0202795e-01	-2.5408334e-01	-3.3412412e-01	-7.1532041e-01	-1.3680439e-01	-3.1783813e-01	2.8062889e-01	3.6137936e-01	2.6915085e-01	-1.2465423e-01	-7.9732239e-01	-4.8619512e-01	-7.5574458e-02	-1.6418183e-01	-4.2866090e-01	3.0772182e-01	1.4722122e-01	4.4766638e-01	-4.5003313e-01	2.0009887e-01	-1.6012795e-01	1.6563919e-01	-4.3949741e-01	2.7535951e-01	1.1607442e-01	-1.7025797e-01	2.2308597e-01	-1.4318576e-01	-6.1770327e-02	2.1456358e-01	-4.4700652e-01	3.7402779e-02	6.0581628e-02	-5.6327277e-01	1.1951974e-02	4.7480851e-02	9.7539045e-02	-2.2420730e-02	-1.6494544e-01	1.7159402e-01	-1.4711668e-01	-9.4048417e-01	-2.2694598e-01	-3.8167667e-01	-3.9720662e-02	3.2549763e-01	-2.7009723e-01	-1.7265600e-01	2.3616251e-01	3.1821004e-01	-4.2229852e-01	-1.8351135e-01	1.3303001e-01	1.3974190e-01	-1.5561864e-01	-8.5148826e-02	-1.9077648e-01	-2.8875571e-01	1.3386579e-01	9.9208588e-03	-7.9843402e-02	-1.3523455e-02	-8.5341193e-02	-1.9997159e-02	-8.8295482e-02	1.0462313e-01	-1.2609346e-01	7.6982304e-02	4.0043902e-01	1.8547544e-01	-2.7845776e-02	3.0040637e-02	6.2426917e-02	-5.3041005e-01	-1.3360421e-01	6.4839326e-02	3.9341185e-02	-1.5383494e-01	-1.3963389e-01	1.6864155e-01	2.4078633e-01	4.2767335e-02	-2.9413095e-01	-1.0378750e-02	2.7786714e-01	1.3654900e-01	-8.0326095e-02	8.4397774e-03	3.0776185e-01	1.4006568e-01	5.2799463e-01	5.5398621e-02	-2.3602593e-01	-4.0095992e-02	1.4760318e-02	1.3469216e-01	-3.7991468e-02	8.3863780e-02	-1.8102950e-01	4.8869886e-02	-2.3331416e-01	1.3793994e-01	-1.0106590e-01	-1.5332320e-01	6.9685623e-02	-2.1390481e-02	1.0322280e-01	-1.2461441e-01	-2.5084996e-01	4.2390320e-01	-2.6262563e-01	-3.4239614e-01	-1.1736631e-01	2.9801679e-01	3.8103729e-02	-2.0788617e-01	-5.2576941e-02	-8.2100101e-02	7.3164441e-02	1.3391171e-01	-2.5598127e-01	-2.1415606e-01	-9.9233836e-03	1.4022540e-01	4.4988558e-02	1.0377730e-01	-5.7512853e-02	2.5317337e-02	2.7432978e-01	2.9564741e-01	-1.2262940e-01	-5.8741480e-01	1.2353989e-01	3.6452803e-01	-2.5204875e-02	-1.4489995e-01	7.2195724e-02	-4.9857461e-01	3.5987306e-01	-8.7477136e-03	1.0663200e-01	-1.7117704e-01	1.0997456e-01	1.5033333e-01	-2.2897001e-01	1.7620985e-01	-9.1051131e-02	2.0229341e-01	1.3167724e-01	-2.0117922e-01	9.3812570e-03	-2.0342690e-01	-2.6821685e-01	-1.3684550e-02	1.6106938e-01	7.9320006e-02	-2.4239068e-01	-2.1852663e-02	-1.3031341e-01	5.0076012e-02	8.4929792e-03	7.3649652e-02	1.4151922e-01	-1.1133143e-01	1.9357778e-01	9.0851367e-02	1.8318675e-01	3.6588660e-01	-6.2915951e-02	-1.7582741e-01	3.3490065e-02	4.3553527e-02	1.0766795e-01	1.6121024e-01	-1.8731102e-01	1.4947431e-01	-1.9448507e-01	1.7469788e-02	-9.4629899e-02	1.9810531e-01	9.0049408e-02	-1.8728045e-01	-2.5840354e-01	-1.1190297e-01	1.2147938e-01	1.1747219e-01	8.2123138e-02	1.7021377e-02	2.7374274e-01	-4.2047385e-02	-1.8801852e-01	-2.6062382e-02	-8.9072771e-02	8.7370612e-02	-1.9608101e-01	2.9572025e-01	6.9916517e-02	-8.3845437e-02	1.0625719e-02	1.7814712e-01	1.4413172e-01	1.0377132e-01	-2.2568339e-01	-3.8250244e-01	-2.6532388e-01	-2.9686660e-01	6.1017179e-01	-2.1165472e-01	2.4769625e-01	-2.3561685e-01	1.4450100e-01	3.0750069e-01	8.9878753e-02	-2.2418725e-01	-1.5305853e-01	-2.0485735e-01	-2.6496908e-01	-5.3079862e-02	1.1530115e-01	-1.8178628e-01	-4.1061458e-01	2.3977128e-01	1.2143738e-02	1.5395424e-01	-1.5797301e-01	3.8081294e-01	-3.1555316e-01	-8.5219115e-02	-4.8779887e-01	-4.3114550e-02	3.6550167e-01	-2.9975826e-01	8.1235230e-02	2.6662666e-01	1.6365658e-01	-3.6548242e-02	2.0270808e-01	2.8091894e-02	1.6926117e-01	-1.0759732e-01	-2.7664694e-01	-2.4539417e-02	1.2646577e-01	2.2895393e-01	-8.0113553e-02	1.3035248e-01	2.5023979e-01	-1.7648777e-01	9.7067334e-02	-1.6157489e-01	-1.5191521e-02	2.2724904e-01	-2.4253350e-02	3.1304696e-01	3.8569011e-02	-2.2601292e-01	2.3916364e-01	-5.0695721e-02	-1.2907839e-01	2.5265697e-01	-1.5172602e-01	1.3730583e-01	-1.0840768e-01	1.4859286e-01	-2.2596942e-01	-9.7753331e-02	3.0084270e-01	-1.7428437e-01	3.1382926e-02	2.0813070e-01	-1.7522059e-01	-1.3907114e-01	-1.2768635e-01	-3.1895989e-01	3.8352285e-03	-8.8579459e-03	-1.0903089e-01	-1.9501415e-01	8.0869377e-02	1.9774023e-01	1.5602210e-01	-1.0414957e-01	8.3574206e-02	-1.9742048e-01	8.8250905e-02	-2.4605477e-01	1.6636206e-01	6.9497600e-02	2.2671179e-01	-1.8021296e-01	-3.1631202e-01	1.3459584e-01	3.5991532e-01	-1.6304746e-02	-3.5265565e-01	-6.4196780e-02	2.1277449e-01	3.2640570e-01	1.8532522e-01	1.7392573e-01	2.0539377e-02	-4.1438960e-02	8.6929671e-02	-1.8862158e-01	1.9522078e-01	3.2247093e-01	-5.2670699e-02	8.1988178e-02	4.4096060e-02	2.3720838e-01	2.8161401e-01	1.1747589e-01	2.3718971e-01	1.6420279e-01	-1.9315691e-01	2.9888010e-01	2.1019109e-02	-2.0067725e-01	7.1833387e-02	-7.6937969e-03	2.7581319e-01	-3.3800778e-01	-8.1201620e-02	-1.8279715e-02	1.9265307e-02	-2.7044249e-01	4.1319424e-01	8.4204778e-02	6.9115004e-03	-2.7573353e-01	-9.2148371e-02	-1.8339435e-02	2.4541445e-01	-5.1880455e-01	-3.0143800e-01	1.8711237e-02	-2.2770402e-01	-9.8080844e-02	2.2923104e-01	-4.4919437e-01	1.0020721e-01	-2.0534271e-01	1.8844907e-01	-2.2562541e-01	-1.7848756e-02	-1.0764213e-01	-2.1067864e-01	1.8637891e-01	-1.2431944e-01	-1.2395975e-01	2.7949312e-01	-3.0672126e-02	-3.6651321e-02	-7.4023411e-02	7.5643875e-02	-1.5208972e-01	3.1918845e-01	-1.3394120e-01	-1.1621992e-01	5.9126228e-02	1.5324855e-01	3.9556686e-02	-4.9039964e-02	-1.0215450e-01	-4.2145371e-02	3.1411996e-01	1.8767312e-01	1.7864618e-02	3.5804309e-02	5.5454001e-02	1.1341844e-01	-5.6420319e-02	-1.3414407e-01	2.4802139e-01	6.2717251e-02	1.4406231e-01	3.4313425e-01	-1.8679057e-01	-2.3088717e-01	7.7353224e-02	-2.6580361e-01	1.3874071e-02	2.3446560e-01	-9.9896118e-02	-2.3050185e-01	-5.1878106e-02	3.5556931e-02	4.8925176e-01	7.1141563e-02	-1.2909483e-02	-4.2131034e-01	-1.2717782e-02	-1.5920036e-01	-5.1715858e-02	-1.1945757e-01	-3.9148204e-02	-1.6749844e-01	-1.1962153e-01	1.1426283e-01	-1.1705816e-01	1.1024286e-01	-8.7584215e-01	2.2741381e-02	-6.8755321e-02	2.6638873e-02	2.3191284e-01	-8.1706321e-01	-6.1914876e-02	1.6038634e-01	4.1832635e-01	-2.5525993e-02	-5.4409868e-01	8.8141866e-02	1.6761920e-01	-9.1662623e-02	1.5755486e-01	-1.7044365e-01	2.7047977e-02	8.0621913e-02	-6.9847710e-02	-2.7244639e-01	-1.5206803e-01	-2.0194173e-02	7.1578130e-02	2.4973643e-01	1.3949563e-01	9.4923498e-03	-1.8951134e-01	1.2543420e-01	-4.1480279e-01	-3.0041704e-02	-8.2476780e-02	1.2034453e-01	-3.8335532e-01	-2.7619833e-02	-1.5188420e-01	-2.3744969e-02	-8.6149313e-02	2.7862424e-01	-2.1201536e-01	-1.2847936e-01	-7.7800530e-01	-2.6486644e-01	2.0911981e-01	3.0752090e-01	2.9623577e-01	-8.6177593e-01	-1.6404015e-01	1.3115646e-01	1.4383009e-02	-3.6796424e-01	-5.2221704e-01	-8.2073554e-02	4.5117151e-02	-5.9898246e-02	-6.5717556e-02	-7.9788277e-03	-7.7310063e-02	2.2270851e-01	3.7665978e-02	1.1123699e-01	-2.1794389e-01	9.3744703e-02	-8.4471174e-02	2.1055830e-01	1.8437333e-01	1.1815145e-01	1.5377317e-01	2.5331605e-02	-3.2316044e-01	1.2583908e-01	6.1408258e-03	-1.0461278e-01	-7.9357040e-01	9.6033305e-02	-1.8958023e-01	1.0410876e-01	1.8823880e-01	1.8054396e-02	6.1139032e-02	-2.1512108e-01	-1.2465797e-01	1.9483221e-01	4.1746181e-03	4.9781997e-02	2.4959302e-01	-2.4970508e-01	-8.6431861e-02	8.2507633e-02	2.1808411e-01	-2.2988792e-01	-3.8895261e-01	4.3816459e-01	-1.0580911e-01	-3.2307446e-02	-2.3615226e-01	9.0086594e-02	1.5296231e-01	7.6428831e-02	-1.1185665e-01	4.5328912e-01	-2.5663960e-01	-8.4379278e-02	6.6562161e-02	-9.0404287e-02	1.2453943e-02	-4.9852271e-02	7.1447216e-02	-3.3886471e-01	-1.1101940e-01	2.5341213e-01	-1.8300334e-02	-1.9906241e-01	1.1591144e-01	8.0062769e-02	-1.6035582e-01	1.0022520e-01	1.6528480e-01	-1.8530758e-01	-1.9276333e-01	1.6297403e-01	-3.1848738e-01	-2.0287232e-01	-7.4736089e-02	1.8775256e-01	2.2736402e-01	-2.2863115e-01	-1.0312393e-01	2.5008796e-02	2.6863360e-01	-1.2709977e-01	1.9301154e-01	1.7708667e-01	2.6054266e-01	3.5472080e-02	3.2116550e-01	-8.2073405e-02	2.6794755e-01	6.5098792e-02	4.7438510e-02	3.6754504e-02	1.2401958e-01	-2.3508124e-02	1.3016628e-01	2.2359306e-02	-5.0297786e-02	2.0740728e-01	-3.1078932e-01	-3.6252972e-01	3.1107938e-01	-1.1424148e-01	-4.0870753e-01	5.6092285e-02	-2.5878057e-01	1.5784012e-02	8.6628348e-02	-1.0402881e-02	4.3707591e-02	-1.5756638e-01	-1.7814833e-01	-1.2100199e-01	2.3342694e-01	8.9193784e-02	-2.5330910e-01	-1.1814059e-01	-1.0674961e-01	3.8506648e-01	-1.0697422e-01	-6.9788858e-02	-1.4386764e-01	-3.7473467e-01	3.4620541e-01	-2.2611187e-01	-2.7782515e-01	5.2579954e-02	-1.2125792e-01	1.0371916e-01	6.2955147e-01	-2.6958564e-02	2.3744798e-01	1.0662941e-03	2.0370379e-01	2.4487565e-01	9.2272870e-02	-2.4540472e-01	1.7233469e-01	1.1587409e-01	2.8376761e-01	-1.8443272e-01	3.1703323e-01	4.3633810e-01	-8.0135139e-03	4.4782642e-02	-1.4488523e-01	1.7689674e-01	-2.2587446e-02	8.5578471e-02	-1.4896739e-01	5.1030893e-02	1.3027303e-01	1.8221995e-01	-7.0491135e-02	-1.0296564e-01	-2.4382727e-01	2.1774393e-01	1.4840815e-02	2.4665347e-03	1.5130883e-01	-1.1561808e-01	-1.0916557e-01	-5.2280515e-02	-4.8448656e-02	-4.3031897e-02	-1.9105162e-01	-2.6332426e-01	5.6130361e-02	2.5970522e-01	3.4123763e-01	-2.8716859e-01	3.2201153e-01	2.1247130e-02	1.9389047e-01	-2.9300466e-01	-2.0294024e-01	-4.9839079e-02	2.0911306e-01	6.2998638e-02	3.0393384e-02	-2.0392433e-01	9.1232948e-02	-2.9234642e-01	-1.6172348e-01	2.0229739e-01	-1.7117612e-01	1.7389968e-01	1.8048437e-01	-1.5829991e-01	-2.3276256e-01	-2.7566385e-02	-1.2069687e-01	1.7429620e-01	8.7775278e-01	4.6449434e-03	-1.0299987e-01	-3.0490637e-02	-3.2853985e-01	9.2378539e-01	3.5294336e-01	1.8260771e-01	-3.8557085e-01	7.4349217e-02	3.6388859e-01	8.2804337e-02	2.5817403e-01	1.4124867e-01	2.3520552e-01	2.4092691e-02	1.1949442e-01	-3.1783792e-01	-4.4841778e-02	-2.1199031e-01	1.2974747e-01	-2.1198674e-03	-2.4182676e-01	1.6613697e-01	7.7311739e-02	-4.4713728e-02	-1.3022833e-01	-3.5225308e-01	2.6854962e-01	2.8251368e-01	9.1838464e-02	1.4103891e-01	2.7558026e-01	-3.1781486e-01	4.8541028e-02	-3.2682043e-01	8.9208081e-02	1.9906929e-01	-1.5558936e-01	-2.2325094e-01	-5.0137371e-01	1.3647817e-01	1.6957566e-01	-2.2693442e-01	2.5257155e-01	-6.8079573e-01	-2.8795958e-01	4.5918584e-02	-1.2845297e-02	-2.9160053e-01	-3.1665808e-01	2.9117441e-02	-5.5597253e-02	6.3238375e-02	1.8778569e-01	8.5280329e-02	3.3964116e-02	1.7440774e-01	1.1765651e-01	3.5482891e-02	-2.6866138e-01	1.9562069e-01	1.1049143e-01	1.7842080e-01	-1.3133436e-01	-2.4869777e-01	-2.3512036e-01	2.6115674e-01	1.2059435e-02	4.6169007e-01	-2.0410641e-01	-1.5627782e-01	-8.9150506e-01	2.7026138e-01	2.1881400e-01	7.2522536e-02	2.4325722e-01	3.3564579e-01	-1.9990100e-01	9.6819408e-02	2.0091216e-01	-6.3710350e-01	-2.2581488e-02	9.5499426e-02	-7.4126080e-02	4.2927116e-02	-2.1929790e-01	-2.0713840e-01	-1.4836232e-01	6.5206669e-02	-3.2569247e-01	-1.0425095e-02	-3.7240151e-01	-9.8217987e-02	-3.7801760e-01	1.6371092e-01	4.2532587e-01	-6.2593266e-02	-2.6403364e-02	-5.7319362e-02	4.1822651e-03	4.4109080e-02	-1.5661996e-02	2.2641423e-01	1.0477937e-01	3.1846574e-01	-1.3337392e-01	4.9552586e-02	-5.1387703e-01	2.2763377e-02	-2.4583645e-01	8.0651902e-02	-8.7470897e-02	-8.5067831e-02	2.9106733e-01	-1.7034695e-01	-6.8732098e-02	-1.7565830e-01	-3.4722511e-02	2.4065092e-01	-1.8180370e-01	-2.5105864e-01	1.4168788e-01	-2.7225286e-01	-5.6644522e-02	-3.4352709e-02	-2.8257185e-01	-6.8386674e-02	-1.8225329e-01	-2.4012062e-01	1.0247051e-01	4.8085969e-02	-5.1971436e-01	1.2917018e-01	-1.7071155e-01	-5.7153326e-02	-1.3814105e-01	-4.2361394e-01	2.8820015e-02	3.7915442e-02	2.1242122e-01	-3.2127202e-01	2.4873352e-02	-1.5860212e-01	-1.3690032e-01	1.0300787e-01	-3.5091513e-01	-8.3124332e-02	-2.9127499e-02	-5.2755058e-01	1.8320844e-01	-1.4691819e-01	2.5347474e-01	-1.8931352e-01	2.2958930e-01	-5.1731057e-03	-7.9755761e-02	-8.7180525e-02	-3.1421924e-01	-2.7784383e-01	-4.3044597e-01	-9.1358289e-02	-2.7349275e-01	9.8913930e-02	-1.1113743e-01	2.9195640e-02	-1.3673532e-01	-1.2470169e-01	-3.5800773e-01	2.6161173e-01	-2.1029955e-01	1.0747059e-01	6.0274529e-01	-2.4440476e-01	-8.6228102e-02	4.6183836e-02	-1.9754386e-01	-5.2367013e-02	-2.9849634e-02	1.5575632e-01	-1.7055927e-01	-5.7930693e-02	1.3229632e-01	2.4117157e-01	-3.7365500e-02	2.9985246e-01	5.4860517e-02	-4.2215371e-01	4.1232827e-01	9.9810623e-02	-4.2006224e-01	-1.1945435e-01	-2.7474552e-01	1.8103136e-01	-3.2911298e-01	-3.4968695e-01	-3.4132791e-01	6.4907007e-02	-1.5919836e-01	-2.8409687e-01	-1.4411347e-02	3.9043911e-02	1.4464787e-03	1.0826045e-01	-5.8108103e-01	4.0060684e-01	-1.7856349e-01	1.6534746e-01	-2.5268635e-02	-8.5058075e-01	-3.3213326e-01	-2.0134476e-01	-1.0785387e+00	-4.6448949e-01	7.9798967e-02	-1.0933568e-01	1.6824919e-01	-2.6580614e-01	2.1201687e-01	-1.9698672e-01	2.8758928e-01	-7.0997179e-01	2.3540057e-01	-5.0025810e-02	-1.5005232e-01	-1.9871545e-01	-2.0002936e-01	-6.0635269e-01	2.5838664e-01	-6.5953815e-01	2.5278784e-02	7.7344246e-02	-4.5134118e-01	7.8104094e-02	-8.8218160e-02	4.5713581e-02	-2.2954602e-02	2.5135729e-01	-1.8082215e-01	-3.8285774e-01	7.5561613e-01	-1.1624109e-02	-2.6916328e-01	2.9657480e-01	-4.9975615e-02	3.3046728e-01	-3.8871136e-02	-4.3681558e-02	-2.0924196e-01	3.1319684e-01	2.1381703e-01	5.3039562e-02	-2.3301570e-01	5.0687850e-01	-1.4363997e-01	3.9464337e-01	-9.8050877e-02	-8.1106141e-02	2.2514977e-01	-3.2585174e-02	-1.7079604e-01	-9.3121424e-02	1.8553340e-01	9.3666986e-02	1.7878272e-01	-1.4463596e-01	-1.4400063e-01	-4.8921451e-01	2.4691871e-01	-1.3803551e-01	-2.1224540e-01	2.4039288e-01	5.8310729e-01	-1.2370780e-01	2.4700288e-01	1.9137637e-01	8.9872167e-02	1.7189468e-01	-1.2094781e-01	1.6960469e-01	7.7786766e-02	2.1091561e-01	-1.7793691e-01	1.7279142e-01	2.7141675e-02	-1.4613499e-01	-4.9906798e-02	-1.5171272e-01	-1.5313309e-02	3.1473091e-01	3.2756040e-01	-2.5858524e-01	3.5094362e-01	1.5381460e-01	-6.6063531e-02	1.3424866e-01	-2.8623390e-01	1.3180876e-01	-1.6985787e-01	-1.6457115e-01	1.9899465e-01	2.3205742e-01	9.0269916e-02	6.8656743e-02	1.9229716e-01	1.4060655e-01	-1.0594307e-02	6.8797082e-02	2.2440581e-01	1.9160002e-01	7.5128324e-02	1.2002824e-01	2.6485348e-01	1.7110384e-01	-9.3135685e-02	1.4802636e-01	-1.4218910e-01	-1.4655533e-01	-8.8579036e-02	1.2939401e-01	1.0084098e-02	1.7992811e-01	-2.7496517e-01	-2.2617059e-02	2.5252292e-01	-4.8589623e-01	9.8454561e-03	2.8236920e-01	1.7065270e-01	1.8360671e-01	-3.3911265e-02	-1.6904436e-01	3.2642528e-01	-4.1322794e-02	1.2262687e-01	1.4764886e-01	8.1749883e-04	-7.1942128e-02	-1.3719600e-01	-8.6573198e-02	1.5079865e-02	2.6173928e-01	1.1692785e-01	1.5440650e-01	-1.1798374e-01	-5.2865539e-02	1.1970046e-01	1.5552084e-01	-1.1527925e-01	-2.2861119e-01	7.4670546e-02	1.6025475e-01	-1.6701411e-01	2.8992802e-01	1.4633738e-01	2.8028053e-01	1.7634505e-01	5.5239882e-02	1.8969585e-01	2.3146078e-01	2.9820655e-03	-1.6015008e-01	1.2834552e-02	3.0376378e-01	1.9903736e-01	-2.7661136e-01	-1.2915406e-01	-1.7033340e-01	2.3961980e-02	4.6509990e-01	3.0207574e-01	-3.2967126e-01	-2.5007051e-01	-1.3964178e-01	5.8583919e-02	-4.9313135e-02	1.8421780e-01	1.0484061e-01	1.6095029e-01	3.0495661e-01	1.3291684e-01	1.0209576e-01	-3.5326773e-01	-2.1470669e-01	-3.5547647e-01	-1.0415489e-01	-3.1878304e-01	1.2751968e-01	9.6378073e-02	1.0608669e-01	2.6992196e-01	-2.5397986e-01	4.3239954e-01	2.8498012e-01	-1.3675991e-01	1.2850563e-01	-3.1596795e-01	-1.8785530e-01	-1.2658727e-01	-3.3471651e-02	9.3999308e-01	-5.9340082e-02	3.9436251e-02	-2.3454022e-02	-4.6394059e-01	1.1420239e+00	2.3845613e-01	1.1250949e-01	8.6223237e-02	1.4531322e-01	7.5450760e-01	1.0162319e-01	-6.4867568e-01	-2.1418440e-01	5.3439629e-01	7.7522926e-02	5.0909358e-01	-3.2651788e-01	2.4184942e-01	-4.1159964e-01	2.4470931e-01	-2.4039125e-01	1.9290207e-01	-1.9130526e-01	-1.2507986e-01	-1.2011051e-01	-1.2737004e-01	-8.5432917e-01	1.2975693e-01	-2.0350786e-01	-2.5346783e-01	-1.3720693e-01	9.3957090e-01	3.1024711e-02
-7.1730286e-01	3.5072619e-01	-1.4779094e+00	-1.5740265e-01	-4.9435845e-01	-1.7973682e-01	-3.2093948e-01	7.3663376e-02	-2.0695257e-01	-3.7922703e-02	3.5491523e-01	-1.3797222e+00	2.0194572e-01	1.0243146e-01	-4.0582886e-01	2.2948768e-02	1.2136674e-02	4.8900637e-01	2.0299841e-01	7.7857435e-02	1.4014646e-01	2.2495165e-01	4.9618870e-01	-6.6539991e-01	-1.0845163e+00	1.5232375e-01	2.4500583e-01	-9.3523972e-02	2.6727936e-01	-2.4993134e-01	-9.0437168e-01	-2.2567135e-01	-2.0435579e-01	-4.9126932e-01	9.4485950e-01	-7.5372070e-02	-1.7830883e-01	8.7896839e-02	-4.0557584e-01	2.1198997e-01	-3.3551741e-01	7.1268380e-02	1.0810271e-01	9.9694461e-02	-3.2409790e-01	-3.0563843e-01	-5.3442180e-02	-1.7687714e-01	2.2172983e-01	5.4749604e-02	-1.8276490e-01	-3.2061386e-01	3.0021074e-01	7.7574275e-02	-9.4680965e-02	2.1647741e-01	2.9585320e-01	4.5814994e-01	1.9869088e-01	4.2000663e-02	1.7523381e-01	2.2837199e-01	3.1880221e-01	-1.4570637e-01	-2.7983505e-01	2.6852834e-01	-1.0169052e-01	-3.5314411e-01	-7.4843511e-02	4.1000429e-01	-1.9609460e-01	-1.7839296e-01	6.1678350e-01	-2.3491106e-03	-4.4618994e-01	1.3619958e-01	9.8802373e-02	-3.3134621e-02	-9.0895429e-02	-1.3701558e-01	-5.8410056e-02	-5.4863012e-01	1.3694493e-01	1.6987844e-01	3.5177869e-01	1.4863370e-01	3.7701935e-02	-1.4634578e-01	2.2321677e-01	-8.1953913e-02	1.6314207e-01	1.4891854e-01	3.3030190e-02	-8.9300886e-02	9.0248466e-02	-5.4093879e-02	1.2457528e-01	2.6652348e-01	-1.7952874e-01	2.4810289e-01	-1.8511519e-01	-2.4280165e-01	-2.6440732e-02	2.8443381e-01	-1.8567464e-01	-1.9656736e-01	9.8630793e-02	1.2026081e-01	-1.1892205e-01	-7.9339111e-01	1.5196806e-01	-2.5400400e-01	-8.9069560e-02	1.7175663e-01	3.0366638e-01	4.0174231e-02	2.5166821e-01	-1.8555531e-01	-3.5878113e-01	-8.1163836e-01	-4.2066914e-01	2.0744238e-02	-1.1684269e+00	3.3253786e-01	-1.7591494e-01	-1.3037185e-03	-1.0860656e-01	-1.1179543e-01	-2.1991009e-01	-3.8950604e-01	4.8946342e-03	-8.6462343e-01	-1.5204336e-01	3.1553614e-01	-1.0901564e+00	3.2469824e-02	2.7109936e-01	-8.8518851e-02	-2.1001017e-01	-2.7950276e-02	-1.3220067e-01	5.9937391e-02	-1.6913310e-01	-4.2144108e-01	-4.8549184e-01	-1.8087441e-02	2.5846472e-01	2.4573293e-01	3.4984201e-02	-3.4573144e-01	-1.6565746e-01	2.4967743e-02	-2.6662705e-02	-1.5350479e-01	5.4281449e-01	-1.0774101e-01	-6.3605741e-02	2.1793486e-01	-4.3625030e-01	1.0834005e-01	-8.2132585e-02	-1.4920607e-01	1.0713167e-01	3.1077245e-01	-3.6969960e-01	-8.9067779e-02	1.9500814e-01	-2.1314017e-01	-4.7155440e-02	-1.4932831e-01	2.9117164e-01	-3.6504802e-01	2.0794915e-01	1.5873705e-01	5.5478293e-02	-9.1842212e-02	2.6860711e-01	2.0643039e-01	2.1951565e-01	-2.3562010e-01	1.7415006e-01	-2.2505973e-01	-8.7034605e-02	4.2216662e-02	-1.1091188e-01	7.8397542e-02	-2.7938104e-01	4.0827751e-02	6.2594317e-02	1.5135539e-01	4.7404144e-02	-1.0806136e-01	2.8032539e-02	-2.5473496e-01	3.7305889e-01	-1.6508646e-01	2.2198670e-01	-1.5812844e-01	-2.3184945e-01	6.7350656e-02	6.0524248e-02	5.9883520e-03	4.8087992e-02	-3.0592358e-01	2.1112089e-01	-1.4286906e-01	5.2951638e-02	-5.0922506e-02	1.1345261e-01	-8.3262905e-02	-1.2466096e-01	1.1139362e-01	-2.8998569e-01	-1.8495324e-01	2.0451860e-01	-1.9371119e-01	-1.5734889e-01	-1.2640071e-01	-2.0912036e-01	1.8083538e-01	1.7156447e-01	2.2471920e-01	-2.4275196e-01	1.6296861e-01	-2.5006109e-01	-2.7569690e-01	-2.1427949e-01	-1.1529775e-01	-3.0144954e-01	-1.6848501e-02	-1.6034082e-01	-1.5099041e-02	-1.3817537e-01	4.0573511e-01	-2.1087237e-01	-2.0883882e-01	-1.9551304e-01	-1.1940109e-01	-2.0229709e-01	-3.7800279e-01	1.1679365e-01	-4.2207566e-01	-9.2727490e-02	2.4545659e-01	5.2994229e-02	1.8019739e-01	-2.1142249e-01	-8.2549214e-02	-1.3423119e-01	7.1449424e-03	1.3310494e-01	2.1083044e-01	2.0338905e-01	9.3762195e-03	1.0656390e-01	2.7412155e-01	-1.3173212e-01	-2.1661033e-01	4.1746341e-02	-1.2325598e-01	-1.7593308e-01	-4.0598344e-02	-2.6049942e-01	7.2187215e-02	3.5330027e-02	-1.8521872e-01	-1.2886366e-01	-1.5403451e-01	2.2382700e-01	-5.0660747e-01	4.8583634e-02	-3.2467958e-02	-6.5928720e-02	9.0408072e-02	2.0818095e-01	-1.6228667e-01	2.4618734e-01	-2.3047063e-01	9.3026742e-02	-9.5812517e-01	-4.6700601e-02	-1.6026367e-01	-8.5957162e-02	1.4289381e-01	-3.6932465e-03	6.7107715e-02	-2.4716729e-02	-8.9452744e-02	-4.1309975e-02	-4.8143260e-02	-2.7439043e-01	-3.6298018e-02	9.7455755e-02	6.4491294e-02	-1.9053487e-01	2.8880510e-01	3.5918906e-02	-1.9351901e-02	-3.7779920e-02	1.5479061e-01	-1.7572372e-01	-1.1843464e-02	-1.9273318e-01	1.1388920e-01	-9.0624198e-02	-1.2199833e-01	7.1868375e-02	1.5897539e-01	-1.5034045e-01	2.8146589e-01	-1.6804038e-01	8.1983157e-02	3.4275237e-02	3.0168127e-02	-2.9222625e-01	2.3697519e-01	2.0994776e-01	5.9147783e-02	1.8461511e-01	3.6554154e-02	2.2666732e-02	2.6165593e-01	2.4788071e-01	-9.1159754e-02	1.5023004e-02	2.0101473e-01	-1.9501978e-01	-4.6807103e-02	-1.5118687e-01	1.9395164e-01	2.0479654e-01	1.3051401e-01	-2.2439463e-01	2.2564888e-01	-2.5826346e-02	2.3381789e-01	-3.3981425e-01	4.0534131e-02	-2.2410216e-02	-1.2839304e-01	-4.9043607e-02	-3.6476991e-01	-2.2440948e-01	2.9416263e-01	1.3981828e-01	-5.0705028e-01	1.6610301e-01	2.1174227e-01	-1.8035348e-01	1.2469585e-01	2.3817375e-01	-1.3061596e-01	-1.2785698e-01	4.5394638e-01	-1.8770833e-02	1.8263067e-01	2.0368707e-01	8.3950773e-02	-2.1888234e-03	-1.0716917e-01	2.2686811e-01	-1.8728922e-01	3.6429998e-01	-4.1241746e-02	1.7978908e-01	3.2457152e-01	-1.0715324e-01	2.5170490e-01	-1.6251564e-01	5.2284170e-03	1.4327796e-02	5.0905371e-01	2.1763664e-01	2.1846857e-02	9.8594196e-02	-1.3325438e-01	3.6003733e-01	2.7436423e-01	-1.4923678e-01	1.4528234e-01	-2.5654551e-01	3.2122096e-01	4.4942811e-02	1.4319044e-01	2.2461991e-01	6.6585578e-02	1.2168031e-01	-1.8428972e-01	-2.5369287e-01	4.1624331e-01	1.0194683e-01	-5.0592471e-02	-2.9543361e-01	2.3253448e-01	-1.5393627e-01	-1.2805057e-01	4.5403853e-02	5.9279706e-02	-1.1459879e-02	6.7708991e-02	-1.9036822e-01	-1.1235309e-01	1.3537659e-01	1.4261049e-01	1.1432672e-01	-2.7958602e-02	-4.8643027e-02	-1.6143550e-01	1.1754221e-01	1.3907088e-01	9.2180528e-02	4.8385799e-01	-1.5537298e-01	1.8403593e-01	2.0750214e-01	1.3403206e-01	-3.7749326e-01	1.0874656e-04	1.5794234e-01	-2.0173003e-01	1.0083558e-01	-8.0479153e-02	1.2355275e-01	-1.4611436e-01	8.1551515e-02	2.8866749e-02	2.9229486e-01	-2.5976667e-01	1.5328285e-01	1.9030973e-02	-2.6572093e-01	-1.8893899e-01	-1.7106880e-01	2.7491501e-01	9.8187096e-02	1.5447353e-01	1.5031366e-01	-4.7834594e-02	2.6163521e-01	1.3163036e-01	-2.0436041e-01	-7.2238676e-02	-4.9731237e-01	2.6787779e-01	-3.2318611e-02	-1.9655664e-01	-8.6757585e-02	-1.3836165e-01	-4.2303973e-01	-1.3884553e-01	3.9684013e-03	-5.4621518e-01	-1.4508067e-02	2.8219509e-01	-6.1719495e-01	-1.2715480e-01	5.2683645e-01	2.6326135e-01	-2.3010701e-01	2.2579390e-01	-4.2416457e-02	1.9313358e-01	-1.2889813e-01	-7.8107789e-02	-3.8130510e-01	-9.6836640e-03	4.7007245e-03	-1.3601962e-01	1.6841608e-01	-7.1284577e-02	-3.0002886e-01	2.8780478e-01	2.4689794e-01	-3.8452527e-01	4.1009974e-01	1.2082029e-02	-2.4162851e-01	3.9619803e-02	-7.6623213e-01	3.0920732e-01	3.6660948e-01	-1.8881519e-01	2.8161845e-01	3.0010045e-01	1.3201283e-01	2.4278967e-01	1.9861937e-01	2.9466268e-01	-1.7505179e-01	2.0672860e-02	1.5043135e-02	2.7443850e-01	9.2145801e-03	8.0232300e-02	2.8384364e-01	-2.5163746e-01	3.3831990e-01	9.7230777e-02	-2.0035507e-01	-2.0211805e-01	-2.4582887e-01	2.5055167e-01	1.2530759e-01	2.2885419e-01	1.1026312e-02	-5.1276416e-02	-2.4155354e-01	6.3665926e-02	2.2883195e-02	2.0366944e-02	3.6956051e-01	-6.4748846e-02	-4.5992013e-02	1.3471885e-01	-2.7464938e-01	4.8468843e-02	-9.7311690e-02	2.3810022e-01	-2.0217985e-01	-7.5490557e-02	-1.5839593e-01	-5.5691159e-01	-1.8421349e-01	1.4719449e-01	3.1428537e-01	8.1282921e-02	9.4225727e-02	1.9677455e-02	-1.8695968e-01	8.3852567e-02	-2.3613624e-01	5.1895697e-02	-4.2077817e-02	-1.4874956e-01	2.3908067e-01	1.8401919e-01	-3.3603412e-01	-4.6521369e-02	2.1649142e-01	2.5492096e-01	1.0012284e-01	-5.8086668e-03	-2.9632172e-01	8.3215579e-02	2.3359029e-01	-2.7491766e-01	3.2761040e-01	3.9821092e-02	-6.4899549e-02	-1.5749629e-01	-2.8117374e-02	2.1151920e-01	-1.8206263e-01	-2.2664562e-01	-1.1556412e-01	-3.7413698e-01	-2.7728355e-01	2.0432824e-01	-4.6696909e-02	-9.2590290e-01	1.4133999e-01	-7.2333658e-01	-7.0004441e-02	-2.4539618e-01	2.5720963e-01	7.6457448e-02	1.4570984e-01	3.6726438e-02	-1.3073398e-01	3.2139398e-02	4.3955152e-03	-1.5469308e-01	9.7195797e-02	2.1144928e-01	1.6977237e-01	-6.0817879e-02	-4.1920024e-01	1.8214585e-01	7.9640225e-02	-9.9933602e-02	1.5816727e-01	-1.3632724e-01	-1.1277848e-01	3.0315092e-01	2.7310494e-01	-5.3561393e-02	-3.5426386e-02	-1.5080875e-01	-5.0776385e-02	-6.3287377e-01	2.2195640e-01	1.7427729e-01	-3.4075011e-02	3.3677515e-01	-1.6799986e-01	1.0409920e-01	3.7422054e-02	1.8924186e-01	3.7128087e-02	-8.3778524e-01	1.2413684e-02	-8.7479252e-01	3.1047082e-01	1.6852313e-01	1.3592583e-01	1.6277274e-01	-1.8366562e-01	-7.0928253e-02	-1.3808951e-01	3.3827513e-01	2.2547695e-01	-8.8141479e-02	1.1969167e-01	2.8470516e-01	3.4648970e-01	-3.8034949e-02	-1.0505425e-02	-1.1563741e-01	2.5460124e-02	2.0311417e-03	-2.5805113e-01	-5.7759225e-02	-2.6183817e-01	3.5575647e-02	3.8858771e-02	-3.0772230e-01	-2.2313880e-02	1.8697789e-02	7.6831482e-02	-3.3837581e-01	-6.1769597e-02	-3.8257577e-02	-3.1585920e-01	-9.6291326e-02	2.0168480e-01	-1.7806068e-01	-7.1177743e-02	1.6087547e-01	2.1499608e-01	-1.0718715e+00	1.4200775e-01	1.9693279e-01	-2.9754469e-01	7.8545928e-02	-4.1996953e-01	1.9210285e-01	-2.5213605e-01	1.5241012e-01	1.5269977e-01	-2.8765148e-01	1.1410481e-01	-1.2161107e-01	8.5776344e-02	1.6867064e-01	-3.0101267e-01	-2.0360073e-01	3.8089132e-01	2.6433600e-02	1.2048066e-01	-3.6359754e-01	1.8386208e-01	1.9929171e-01	2.5730368e-01	-1.1278965e-01	-1.9471432e-01	1.8397126e-02	4.9865726e-02	1.3489133e-01	-9.7331904e-02	7.1448125e-02	-2.3630732e-01	-2.8681922e-01	2.7191294e-02	5.5885252e-02	1.8722339e-01	1.3222581e-01	1.1132548e-02	1.0936220e-01	-1.4423057e-01	1.9806236e-01	-9.3083279e-03	-8.0311424e-01	3.7781671e-01	-1.9786811e-01	3.2490698e-01	-1.9121662e-01	-2.5446960e-01	1.6885695e-01	1.7977452e-01	2.5519541e-01	4.2570673e-02	1.2920454e-01	-2.6841027e-01	2.4505225e-01	2.8780237e-01	1.5512639e-01	-1.1092629e-01	-4.2585465e-01	-1.5510356e-01	-2.5820091e-01	1.0361530e-01	-7.7544697e-02	-1.4185132e-01	1.1466153e-01	-9.1404647e-02	-2.7223057e-01	2.7071193e-01	3.1791553e-02	-3.1593192e-01	-8.1071901e-01	3.1357622e-01	2.2772814e-01	1.1962235e-01	1.6872017e-01	2.0404685e-01	-4.3661648e-01	6.0963117e-02	1.8177375e-01	1.5996739e-01	-1.1180016e+00	1.2779526e-01	2.2552855e-01	1.5288582e-01	-2.2268783e-01	-6.4739853e-02	-2.6523082e-02	7.7042900e-02	-2.0034882e-01	2.5613809e-01	-2.2139809e-01	-1.2973486e-01	1.3668568e-01	-2.0333748e-01	1.5611936e-01	-1.7844906e-01	-1.3219187e-01	-4.6526355e-01	3.5876814e-02	3.9820068e-02	1.8693279e-01	-2.3858944e-01	-3.4373910e-03	-5.4406304e-02	-1.4728069e-01	-1.7215708e-01	-4.6564868e-01	1.3489184e-01	-2.2833368e-01	-4.9200859e-03	-4.6167545e-02	2.0664304e-02	3.4102631e-01	-3.9784274e-01	-3.3455819e-01	-9.0746230e-01	1.5249869e-01	-9.9150769e-02	-4.5833603e-02	5.3080446e-01	-9.6221045e-02	-1.5482509e-01	4.4420803e-01	3.3228743e-01	-2.2178610e-01	-3.4313771e-01	-4.3057030e-01	2.5632855e-01	-3.5154056e-02	4.6351738e-02	1.2373962e-01	-2.3991121e-01	1.0703809e+00	-7.2376102e-02	8.6991735e-02	3.2068223e-01	3.3433124e-02	-5.6060499e-01	-2.6392162e-01	-1.9615637e-01	7.2092332e-02	1.3096665e-01	2.3139654e-01	-7.6064125e-02	2.4412456e-01	-4.8632771e-02	3.1193349e-01	2.9993001e-01	2.9824910e-01	9.0845764e-02	1.7955172e-01	6.6441402e-02	-9.0227261e-02	7.8657731e-02	2.2022115e-01	-2.2356316e-01	2.2438332e-01	1.4110470e-01	-6.4278960e-02	4.0541950e-01	9.2882812e-02	-3.8398406e-01	-1.9090816e-01	-8.7361944e-01	1.0742408e-01	-7.1673715e-01	4.0856369e-02	-9.6074017e-03	2.3956850e-01	-1.6220105e-01	-6.5059476e-02	2.4467450e-01	-1.0581247e+00	-9.4692409e-02	4.2358298e-02	-6.1586922e-01	1.4585125e-02	8.8223718e-02	4.7477048e-02	4.7144067e-02	-2.5886229e-01	2.6993254e-01	2.4218859e-01	1.7638233e-01	-4.3374151e-01	-3.3576426e-01	-3.6973026e-02	-7.5309686e-02	2.4023883e-01	-3.8644794e-02	1.8307114e-01	-3.4354368e-01	1.0555270e-01	1.3645872e-02	-3.0451146e-01	4.1824961e-01	1.6581273e-01	-1.9100685e-01	7.8532938e-03	-7.2633117e-01	3.1014833e-01	-1.7994931e-02	1.1767243e-01	-1.0757927e-01	-1.2922609e-02	-1.6518557e-01	2.3583139e-01	1.3644801e-01	-2.0645604e-01	6.6454388e-02	1.1499888e-01	-2.2087546e-01	-1.4505930e-02	1.6220753e-01	-8.9628883e-02	-3.2395107e-01	-1.1194224e-01	-1.0557949e-01	-2.8548944e-01	1.6557582e-01	-4.5662624e-01	-2.0136942e-01	1.6047767e-01	9.2486665e-02	-1.7722882e-01	-8.8945530e-02	1.1594591e-01	-9.4970658e-02	-2.2091597e-01	-1.1854919e-01	-1.0116269e-01	-5.2667719e-01	-2.4131395e-01	1.0572235e-02	2.1658109e-01	1.0605676e-01	-1.1174727e-01	-7.5418763e-02	3.4479487e-01	-1.1691763e-01	-9.0224586e-02	8.4969811e-02	2.5799217e-02	-5.3961162e-02	1.3570483e-01	-4.8227143e-01	-1.2861636e-02	-3.1871744e-02	-1.3146277e-01	-1.1979275e-01	-7.1599700e-02	1.8791138e-01	-2.3262516e-01	-7.7452585e-02	2.1428985e-03	-3.8504335e-01	-1.6056368e-01	-3.6613554e-02	1.8977955e-02	2.1501826e-01	-1.3846391e-01	1.8727137e-01	-5.2810676e-02	1.5430796e-01	-5.7742507e-03	-8.5476853e-02	5.8133207e-02	-1.9965307e-01	1.8780759e-01	2.4040499e-01	-1.9814003e-01	-2.7784151e-01	-1.8687318e-01	1.5549183e-02	-1.4932407e-01	2.0995441e-01	2.0451902e-01	-1.0151987e-01	2.5281581e-01	-3.1467357e-01	3.3945975e-01	2.1052334e-01	-2.2289190e-01	-6.9279820e-02	2.0096166e-01	-1.5823874e-01	2.7844247e-01	-2.6822349e-02	-5.1808027e-03	-2.0242266e-02	9.6811339e-02	8.2051151e-02	1.2442073e-01	2.6408795e-01	1.2886222e-01	-1.4816752e-01	2.0110847e-02	2.4757063e-01	-2.0495529e-01	1.7902784e-01	-1.6606639e-01	2.2282764e-01	9.2529163e-02	2.7265495e-01	-4.1807223e-02	-2.5001153e-01	-1.7427221e-01	9.0856038e-02	-9.8767012e-02	1.2563731e-01	8.9143209e-02	-2.4666725e-02	2.2317998e-01	2.5518164e-01	-3.6797342e-01	1.9690886e-01	1.9152597e-01	2.1645725e-01	-1.4674667e-01	9.6998356e-02	5.8050714e-02	-4.5126088e-02	9.3612159e-03	-4.7488183e-01	-1.5277120e-01	-5.5826503e-01	4.7493409e-02	1.4950490e-01	-1.0051653e-01	-2.8831069e-05	-4.3243954e-01	-8.4050715e-02	-8.5571945e-01	-1.1027758e-01	1.6654859e-01	6.3845357e-03	-4.7520686e-02	-3.4067503e-01	4.3608069e-02	1.2276690e-01	-2.0358837e-01	1.9096348e-01	-1.1421999e-01	2.7884290e-01	-3.3525166e-01	4.2661191e-03	2.3109797e-01	1.4007296e-01	-1.6874452e-01	1.6933826e-01	1.9953571e-01	-4.3131730e-01	8.6379603e-02	1.5606308e-01	-3.3240721e-01	1.3915771e-01	-1.0986646e-01	2.9969564e-01	1.6586763e-01	-2.5802696e-01	1.5724851e-01	-3.2312500e-01	-4.9978043e-03	-9.4617909e-01	3.0988806e-01	-6.5305543e-01	-2.3706588e-01	-2.3416078e-01	2.3066701e-01	-2.4084195e-01	-2.3260410e-01	6.5963276e-02	-1.4935998e+00	1.4333047e-01	2.7954835e-01	-8.0700290e-01	-1.8723814e-01	7.5909430e-01	1.7366673e-01	-2.6112023e-01	2.5783536e-01	-1.3184208e-02	-3.1453836e-01	1.0254652e-02	-4.1973671e-01	-7.0769662e-01	9.2264920e-02	1.5927047e-01	2.9450259e-01	3.8972697e-01	-1.4300431e-01	-5.4387414e-01	-1.9783607e-01	8.8971242e-02	-9.4123468e-02	2.5093332e-01	9.5985457e-02	-9.3184732e-02	4.1751418e-02	-6.3253510e-01	4.1066816e-01	1.2020825e-01	-6.4615059e-01	1.7553121e-01	-1.0529948e-01	3.0622202e-01	3.1693771e-02	-8.8844866e-02	1.4087163e-01	1.7058867e-01	2.7403453e-01	1.9087344e-02	2.9783288e-01	-2.5238040e-01	4.0020615e-02	-8.7759711e-02	-1.9174859e-01	-3.9235747e-01	-1.9053294e-01	-3.1051768e-02	4.5589056e-02	-1.4288102e-01	-3.9638162e-01	-5.4682147e-02	-9.8947659e-02	1.4790702e-01	-4.1418818e-01	-1.0347018e-01	-6.2719814e-02	-1.3118616e-01	-6.3952267e-01	-1.4277755e-01	-5.9067383e-02	-1.7267622e-02	-3.4265880e-02	8.5335784e-02	9.7854927e-02	2.5817153e-01	1.5043074e-01	-5.7172813e-02	-9.2105120e-01	-1.9365521e-01	9.0579353e-02	-6.3186899e-02	2.3976737e-01	1.1722071e-01	2.3972309e-01	1.3727707e-01	-1.2817882e-01	-2.6381162e-01	-8.1296384e-02	2.8350714e-01	-1.5991727e-01	2.2019550e-01	5.2221580e-03	5.3269558e-02	-2.2999333e-01	-2.0025882e-01	1.1869516e-01	-4.5680765e-02	-1.2245760e-01	-1.3091381e-01	1.5131982e-01	-8.4035382e-02	-3.0271885e-01	-7.5112335e-02	-1.5346515e-01	-8.7470897e-02	1.3243322e-01	3.0793247e-01	8.2943618e-02	-1.8878411e-01	2.9493630e-01	1.4767388e-01	-2.3037310e-01	2.4374911e-01	1.2101782e-01	-4.6804491e-02	9.9952169e-02	6.2766440e-02	1.1960064e-02	1.6103905e-01	1.0073765e-01	-7.0570052e-02	2.3157868e-01	-2.7582419e-01	-1.4825906e-01	1.0022482e-01	2.9189718e-01	2.4597092e-01	-1.2267035e-01	1.4537245e-01	6.5236285e-02	2.7483806e-01	-8.1922151e-02	-8.3505847e-03	-1.4239568e-01	3.7799132e-01	-6.8022944e-02	2.6344022e-01	-2.9839298e-01	-1.1699601e-01	-1.5887162e-01	-2.5302690e-02	-1.6049507e-04	-1.9687124e-01	8.4818631e-02	1.6658376e-01	-1.3371553e-01	1.2172392e-01	-2.0328367e-01	-2.1234794e-02	2.2122687e-02	1.1313586e-02	-4.2732056e-02	2.8983256e-01	-9.6200652e-02	2.7588639e-01	1.7977369e-01	7.2364755e-02	7.2128698e-02	-4.9209553e-01	1.7162649e-01	-5.7269228e-01	4.0064108e-02	-3.7628937e-01	2.9865754e-01	-1.5220341e-01	-8.3082601e-02	-1.1699304e-02	-2.4926759e-01	1.4473210e-01	-9.1884845e-01	-4.2195674e-02	1.9848008e-01	-3.2708073e-01	-1.6586934e-01	-2.7943529e-02	3.9394447e-01	2.1218820e-01	2.7457248e-02	1.0314063e-01	1.0639808e-01	1.1356524e-01	-3.5678959e-01	-2.6689005e-01	6.4905241e-02	-2.0073195e-01	4.0535599e-02	2.0370631e-01	2.1957833e-01	-3.6946365e-01	2.1133110e-01	2.5542310e-01	-3.4107712e-01	9.5120542e-02	1.9530557e-01	7.9393968e-02	-8.4151424e-02	-4.3499976e-02	4.2058554e-01	-1.2754658e-01	4.1419182e-02	5.6754313e-02	8.3362810e-02	-3.1459010e-01	-1.9734161e-01	-3.8299300e-02	-1.3575909e-01	-3.0363190e-01	-1.9916829e-01	4.6235137e-02	1.1267077e-01	5.3489622e-02	-2.2787334e-01	-1.8916081e-01	-1.1173004e-02	1.2771289e-01	-4.2429253e-01	-1.3772079e-01	-1.0285997e-02	-1.9116341e-01	-5.4073584e-01	8.8853694e-02	-2.4295300e-01	2.5222552e-01	-3.7364650e-01	8.9016080e-02	-1.4684521e-01	1.0425735e-02	3.5706574e-01	-1.1406577e-01	2.6745436e-01	-6.9998927e-02	1.6829564e-01	-8.6672626e-02	-1.1936522e-01	2.7285782e-01	-1.2775847e-01	2.4810508e-01	-2.7385661e-01	-8.8202627e-03	1.8792728e-02	-1.3504995e-01	-2.0229880e-02	7.4812256e-02	-1.8202186e-02	3.4057277e-01	-4.6364725e-02	-1.5836716e-02	3.3047464e-01	-1.4810309e-01	5.9657015e-02	1.4024515e-01	-1.8850021e-01	-8.5363068e-02	-2.9632905e-01	2.2827291e-01	7.1363896e-02	-1.1403518e-02	2.8751301e-02	-2.5430036e-01	-3.5475653e-01	-1.6596721e-01	1.3493066e-01	2.4070167e-03	-2.2534229e-01	2.9131261e-01	4.6586424e-02	-1.9950259e-01	-3.3440948e-01	-8.9422219e-02	1.3886787e-01	-4.0849584e-01	-1.8691435e-01	2.2960779e-01	-1.8673139e-02	-6.8183906e-02	-4.1502137e-02	-2.1184258e-02	2.0391755e-01	2.0463417e-01	-8.0023926e-01	2.2548552e-01	-1.2742218e-01	2.5780842e-01	4.4255048e-02	5.0223269e-02	3.0409247e-01	2.4931756e-01	1.2011774e-01	-2.2462873e-01	5.5832300e-02	-1.9584008e-01	1.3479650e-01	3.0190161e-01	-2.7290881e-01	-5.5199724e-01	-1.5422222e-01	2.5823405e-01	-5.8876472e-03	-1.3026714e-01	-1.5905997e-01	4.6746686e-02	-1.8475865e-01	2.0347791e-02	-3.7892005e-01	5.7305165e-02	2.4320562e-01	-1.8167426e-01	-9.7721434e-01	1.5559433e-01	-1.4527158e-01	1.4351179e-01	3.2458469e-01	2.1527350e-01	7.2822280e-02	-2.3020469e-03	1.5455088e-01	-4.9996144e-01	-7.5020838e-01	-1.1458293e-01	-3.5565741e-02	-7.3117894e-01	-9.4190687e-02	-2.5163153e-01	3.0608127e-02	2.3222460e-01	-1.4016789e-01	-1.8032090e-01	2.9474598e-01	-2.7243394e-01	-4.1471582e-02	1.0975239e-01	1.3228978e-02	-8.4837072e-02	7.1162105e-02	1.7216951e-01	-3.4947332e-02	1.1109774e-01	-8.4521666e-02	-1.9512510e-01	-1.6284002e-02	-1.5179987e-01	-2.7713707e-01	-3.8193110e-01	-1.9394368e-01	-5.2022301e-02	-2.9728162e-01	8.1007071e-02	-5.7924020e-01	-3.3494171e-02	1.5182585e-01	3.4838222e-02	-4.3270278e-01	1.3880858e-01	2.3279752e-01	-1.8863513e-01	6.8557993e-02	1.8847620e-01	-7.3037997e-02	-3.2096413e-01	-7.9450780e-01	1.9626972e-01	1.3411461e-01	-4.5133773e-03	1.0388758e-01	-7.9750404e-02	-1.3693944e-01	-4.8261234e-03	2.9861739e-01	3.1265825e-02	2.1678330e-01	-8.8808827e-02	2.4693818e-01	-4.1178964e-02	6.2970154e-02	-7.8069860e-01	-1.9084033e-01	7.8175277e-02	2.4380632e-01	-2.4883190e-01	-3.4186646e-01	-8.1476472e-02	2.2295550e-02	-2.7686390e-03	-1.1613935e-01	5.3151406e-02	6.0591795e-02	-2.0886771e-01	-5.9510034e-01	3.1803071e-01	-1.2153405e-01	-2.1591975e-01	7.4217129e-01	2.4463066e-01	-1.4305516e-02	-1.7682379e-01	1.8247205e-01	-3.0332056e-01	-9.7286439e-01	-9.4814926e-02	-1.2001151e-01	2.0491223e-01	-1.3980672e-01	-1.9004598e-01	2.1624943e-02	-2.2989553e-01	1.2323599e-01	2.3147199e-02	1.9774728e-02	-2.3944327e-01	9.7505838e-02	2.8260309e-01	-7.9085290e-02	4.5590226e-02	-1.6098563e-01	6.9697477e-02	1.9998549e-01	6.1597151e-04	-2.0781225e-01	-1.1363565e-01	7.7610649e-02	1.5932941e-01	2.4895269e-01	-2.6129177e-01	7.0752770e-02	-2.8143224e-01	-1.8078753e-01	-2.2373839e-01	-3.2829720e-01	1.9782104e-02	1.1237011e-01	-2.2536583e-01	-8.4643401e-03	9.0168186e-02	1.9047851e-03	-1.6082759e-01	-1.8153360e-01	-1.6978627e-01	1.8400440e-01	-3.5736199e-02	-6.0729189e-03	-6.9953728e-01	-1.5553753e-01	-1.0331624e-01	2.3340572e-01	-2.7812696e-01	-1.5454541e-01	-1.1252625e-01	-3.4085223e-01	2.1775931e-01	-4.4707224e-01	-1.8732460e-02	1.8021697e-01	1.0067879e-01	-2.7291128e-02	2.6799512e-01	1.7526364e-01	1.8738143e-01	-2.8308555e-02	-4.1846610e-03	-3.3057649e-02	2.1542001e-01	-2.2617920e-01	-4.8002172e-01	2.5927195e-01	2.3009369e-01	-1.0048916e-01	2.4841727e-01	-2.5628731e-01	-2.3028387e-01	2.1476148e-01	1.2006203e-02	-3.5076603e-01	-7.0410118e-02	1.3520832e-01	-1.6207132e-01	8.5460246e-03	-2.6268512e-01	2.3211853e-01	-1.4392520e-01	2.5009251e-01	5.9076021e-03	-5.9862841e-02	-7.1609750e-02	4.7770470e-02	-6.8894468e-02	-7.7131659e-02	-1.0395364e-01	9.5294751e-02	-7.6767057e-02	-4.3198532e-01	-2.9923534e-02	2.5364780e-01	-5.4348630e-01	-2.8408775e-01	8.9230321e-02	2.0001069e-01	2.6521891e-01	-4.2707544e-02	-9.8482512e-02	1.7939423e-01	-7.1593389e-02	-1.5848036e-01	-1.2762607e-03	1.1529634e-02	1.3905951e-02	1.9210868e-01	2.6333311e-01	-1.1754867e-01	7.9840228e-02	1.4969192e-01	-3.8438641e-02	-7.4758112e-01	1.2084898e-01	2.3157883e-01	9.9493548e-02	-2.4483696e-01	-9.1549546e-02	4.5274922e-01	2.8484574e-01	8.2746983e-01	-4.7201082e-02	-2.9040617e-01	-2.8462172e-01	-8.1574626e-02	7.5156532e-02	-2.9347768e-01	4.7647825e-01	-1.5246491e-01	-9.3406446e-02	-9.2015177e-02	8.8239223e-02	-4.7528064e-01	-3.7833977e-01	6.1589841e-02	-1.7537175e-01	-1.2760019e-01	2.6693672e-01	-9.5500141e-02	-1.2501639e-01	-5.6278706e-01	-5.8378023e-01	1.1443141e-01	1.9899103e-01	-1.6421649e-01	-1.2311499e-01	2.5021583e-01	-4.8065263e-01	6.8752980e-01	1.5527675e-01	1.7600712e-01	3.1365159e-01	4.9873240e-02	-7.9290211e-01	5.0727516e-01	1.5708883e-01	-2.6641740e-02	-4.1817442e-02	7.9033905e-01	1.0313985e-01	1.3004087e-01	1.2524578e-01	6.1857823e-02	1.3973272e-02	1.3866971e-01	-6.5354601e-02	9.7432777e-02	1.9974884e-01	-2.4523575e-02	1.9691585e-01	2.3690952e-01	8.4418170e-02	6.2960587e-02	-2.0514403e-01	2.3704192e-01	-2.3214936e-01	-2.0975368e-01	2.2975726e-01	-1.5862529e-01	4.6023354e-02	-1.1226129e-02	-1.2497137e-02	7.4420333e-02	-1.5655112e-01	8.2792774e-02	2.0162025e-01	2.7207203e-02	-1.1286844e-01	1.4301847e-01	-1.8821171e-02	-1.6475350e-01	1.6681401e-02	-1.0216264e-01	-3.0672538e-01	6.0909563e-03	1.8987900e-01	1.0704132e-01	-1.5664147e-01	-2.7577767e-01
1.0108287e+00	-3.3144009e-01	-4.5927525e-01	8.9251995e-01	3.4413767e-01	-3.9575419e-01	-1.0820609e-01	-3.1439653e-01	-2.3604991e-01	4.0295967e-01	-2.7841350e-01	8.9535576e-01	5.7696342e-01	-4.4338781e-01	-2.0355123e-01	-4.2914453e-01	3.5635352e-01	-5.5816978e-01	-4.3143108e-01	-5.5763787e-01	9.5787609e-01	3.4698564e-01	4.5736495e-01	1.4827135e-01	6.1197335e-01	1.2755322e+00	-3.0005085e-01	3.7057593e-01	1.0107458e-01	4.2161876e-01	2.0734650e-01	2.2627537e-01	-4.4534296e-01	5.2523255e-01	-6.4644212e-01	2.3593782e-01	3.8030645e-01	4.3900916e-01	-1.0971141e+00	-2.3778938e-01
