13
input	108
dense	24
leakyrelu	0.10000000149011612
dense	24
leakyrelu	0.10000000149011612
dense	24
leakyrelu	0.10000000149011612
dense	24
leakyrelu	0.10000000149011612
dense	24
leakyrelu	0.10000000149011612
dense	1
linear	0
7.178980013122782e-05
-1.1184686e-01	2.6797879e-02	8.3717190e-02	2.8002117e-02	1.2809049e-01	-8.9979991e-02	1.1011835e-01	-1.4586330e-02	-4.8128478e-02	1.7939489e-02	-1.2094504e-03	-7.7474132e-02	1.4611033e-02	-3.5930831e-02	-9.2137128e-02	1.0693015e-01	-5.3292170e-02	4.0077046e-02	1.4001870e-01	5.2315567e-02	1.3267069e-01	9.4766214e-02	-1.3762148e-01	6.3238822e-02
-5.2103195e-02	-7.8520000e-02	-1.1367919e-01	-8.4561713e-02	3.6616910e-02	1.0188884e-02	1.5714899e-02	5.4907192e-02	6.3626580e-02	4.6130683e-02	2.6808623e-02	6.4879730e-02	-1.1708515e-02	-8.5722633e-02	2.9200165e-02	1.1229605e-02	1.1651485e-01	1.3755471e-01	4.5809712e-02	-4.4679072e-02	-2.0621777e-02	-2.2003504e-02	-3.4231704e-02	4.3550812e-02
2.5553014e-02	3.4664206e-02	3.5411227e-02	1.5864750e-02	2.2886714e-02	2.3132749e-02	3.5573889e-02	5.5463858e-02	5.1355463e-02	-8.1819907e-02	6.8675481e-02	-1.3397460e-02	-2.1469297e-02	3.2069739e-03	1.7745716e-03	1.4785985e-02	5.6536090e-02	4.9810708e-02	6.6175135e-03	5.4375350e-02	-4.6719387e-02	1.6980030e-02	6.8634436e-02	3.5107955e-03
-1.6345633e-03	-7.6524585e-02	1.1782122e-01	3.6982186e-02	5.7036545e-02	2.2871559e-02	4.9968570e-02	6.2734097e-02	2.7071597e-02	5.5207409e-02	9.6946977e-02	6.0196985e-02	-3.4409061e-02	8.8931754e-02	2.7583722e-02	1.0046812e-01	4.1193259e-03	3.2771811e-02	-2.4278484e-02	1.2925065e-01	6.8853512e-02	-1.6413758e-02	-8.2001895e-02	-2.3217793e-01
-8.8293627e-03	8.0189928e-02	4.3522934e-03	-1.3400383e-03	1.5746877e-02	2.1893941e-02	-9.3761403e-03	6.5057695e-02	9.6645109e-02	2.3762219e-02	-9.3510203e-02	-2.9924782e-03	-5.7402451e-02	8.0721349e-02	5.6309488e-02	6.1129142e-02	3.6797158e-02	2.3386037e-02	8.7314844e-02	3.6602910e-03	1.8623918e-02	3.6552295e-03	3.6358055e-02	7.5709790e-02
-2.9308226e-02
1.0237118e-01	2.0256259e-02	4.5089468e-02	8.3545901e-02	-5.4585140e-02	-1.0074952e-02	1.0134467e-01	-1.0070264e-02	7.1668841e-02	3.4071069e-02	8.6199008e-02	-5.5345468e-02	-5.8948066e-02	-4.6343926e-02	3.7569709e-02	1.0573635e-01	-1.3070292e-02	5.8817151e-03	2.7843397e-02	5.0765570e-02	3.6151491e-03	4.5893006e-02	-2.8512681e-02	1.0012865e-01	3.3716213e-02	5.9751619e-02	8.8959904e-03	-3.0056816e-02	-3.6962215e-02	-1.5653545e-02	-5.2083906e-02	-3.9181262e-03	-1.7255845e-02	5.4345023e-02	-3.8476899e-02	-3.1052789e-02	-9.2899159e-02	1.2637893e-02	-4.6234403e-02	-3.2462656e-02	-1.0189924e-01	-2.8304271e-02	5.2630659e-02	5.5544540e-02	-1.4161347e-02	5.6241140e-02	-3.3692889e-02	-5.0374992e-02	1.4857898e-02	1.7944936e-01	6.5318950e-02	1.4983940e-01	-2.9887360e-02	1.8855517e-01	6.0689889e-02	1.3684472e-01	2.1389268e-02	3.4756448e-02	6.6477641e-02	4.3462999e-02	4.3497872e-02	1.5865469e-02	4.6017397e-02	5.2121468e-03	6.3831953e-04	6.0785312e-02	6.5849140e-02	-1.9410670e-02	4.4541065e-02	-3.3681639e-02	-3.4666095e-02	-4.2682062e-03	-4.8146669e-02	3.7456617e-02	-3.8816459e-02	-4.4443267e-03	-7.8144483e-02	-1.9624162e-02	6.3819407e-06	-3.9163057e-02	-1.0207851e-01	-4.5391042e-03	8.0754444e-02	-4.5108855e-02	-1.8740796e-02	1.5089861e-01	5.3199489e-02	-1.1892872e-01	-6.8281606e-02	2.7965836e-02	-3.9438210e-02	7.6702625e-02	3.4158170e-02	1.9192997e-02	4.1586801e-02	2.1126108e-02	4.4023752e-02	4.7900770e-02	1.1989075e-02	-2.1458238e-01	7.0249327e-02	8.5436516e-02	1.0895255e-01	-6.7643717e-02	2.7899209e-02	2.8312832e-02	2.7116057e-01	-5.6746155e-02	-3.5479050e-02	-4.3263089e-02	-5.3096198e-02	5.0422736e-02	2.0335853e-02	-3.1453568e-02	2.4755908e-02	4.8234042e-02	-4.5611206e-02	1.4876693e-02	-5.6373585e-02	1.1098626e-01	-2.6993826e-02	5.0816912e-02	-1.8003969e-02	4.5400910e-02	-2.9008176e-02	-4.8350945e-02	5.9940223e-02	-1.0828135e-01	4.2882888e-03	-7.6352786e-03	-6.1489560e-02	6.9057406e-03	-6.6560008e-02	7.8571789e-02	7.4110232e-02	2.7737955e-02	6.5768890e-02	-2.4022128e-02	-4.6951469e-02	-6.4905033e-02	2.0765204e-02	-1.2143853e-01	5.5313047e-02	-7.2875558e-03	2.6415851e-02	2.7360085e-02	-7.6108067e-03	2.5889819e-02	7.1506411e-02	7.3512428e-02	1.3766777e-02	2.2234807e-02	-1.6485043e-02	5.1165067e-02	-1.7471490e-02	-3.0900033e-03	3.2056283e-04	5.9475005e-02	-1.2608161e-02	-1.2897863e-02	3.9138824e-02	3.2455917e-02	1.0621990e-02	-3.9254915e-02	-1.7680514e-01	-1.3963783e-02	-9.5410841e-03	4.4550408e-02	1.2636577e-02	6.6186197e-02	-6.4388290e-02	-8.1833482e-02	-2.8498075e-03	-3.2096837e-02	-5.5228837e-02	5.5856191e-02	-2.9931150e-02	5.8358293e-02	-6.1793715e-02	1.0962128e-01	4.9576495e-02	7.3078364e-02	-8.4584095e-03	-4.9675532e-02	-1.4748323e-01	4.3784235e-02	2.4272952e-02	9.8067231e-02	7.2991990e-02	1.0360067e-03	3.0593928e-03	1.1851644e-02	1.9322172e-03	-1.3031934e-02	2.4586162e-02	-2.3893570e-03	-3.9208334e-02	-3.6856681e-02	1.0958310e-02	-2.7134970e-02	3.4287371e-02	7.4820675e-02	2.5717067e-03	-8.3853580e-02	-4.9468961e-02	-2.7185874e-02	-8.6870871e-02	2.1778879e-01	-1.0096896e-01	1.5854198e-01	2.8537911e-01	-5.9146032e-02	1.4291935e-01	-9.7152077e-02	-3.2457492e-01	4.7208771e-02	-1.4317761e-02	-3.6678165e-02	9.5372155e-02	-2.3147190e-02	3.8160466e-02	2.0106899e-02	1.0823779e-01	-2.2804599e-02	-2.0606512e-02	-1.8234147e-02	-7.5431913e-02	-7.1032092e-02	5.7290971e-02	3.3614997e-02	1.5880289e-02	6.2573761e-02	-2.5473826e-02	6.0465811e-03	3.4387365e-02	-3.6683630e-02	-6.2810970e-03	-5.9194197e-03	-1.7454021e-02	-1.5973835e-01	2.5226131e-02	7.5119555e-02	-1.2959599e-02	4.3353714e-02	-9.2594549e-02	6.8616346e-02	2.0644480e-02	8.8644035e-02	-3.5099410e-02	1.0105865e-01	5.0807405e-02	2.2761358e-02	-1.1229987e-03	-6.4924598e-02	-5.0032452e-02	-5.9726126e-02	1.5976805e-02	4.2415716e-02	-6.5744996e-02	2.0452389e-02	-1.2467220e-01	-7.3329516e-02	-5.3759314e-02	-4.0669929e-02	1.7295097e-03	4.5980915e-02	9.6431538e-02	-1.0599606e-02	1.7072093e-02	1.0097084e-01	8.6650632e-02	-2.8755315e-02	-1.7822459e-02	2.0516617e-03	6.1083175e-02	-4.3733865e-02	-3.2393415e-02	-7.8413850e-03	6.3370146e-02	-5.4401018e-02	-1.7114790e-02	3.2833003e-02	-9.5611557e-02	-6.9744401e-02	-3.3106029e-03	-5.7702647e-03	5.8609076e-02	4.3969654e-02	-1.3010631e-02	2.3294341e-02	1.1692239e-01	7.8583598e-02	4.9515866e-02	-4.9713749e-02	6.3136943e-02	1.4698946e-01	-5.5622733e-03	3.1104673e-02	6.4540833e-02	7.1299016e-02	-7.8777708e-03	7.0014395e-02	1.0666160e-01	9.9271096e-02	1.2348652e-01	3.7378516e-02	3.5970934e-02	-1.7445944e-02	5.8876444e-02	5.8882989e-02	4.5518786e-02	6.2102925e-02	3.1699847e-02	8.0867700e-02	-6.1307073e-02	-5.9185512e-02	2.0411799e-03	-6.4917140e-02	-1.8924528e-01	7.5726107e-02	-1.3075458e-01	-1.1321469e-01	1.5643135e-01	2.7690870e-01	-3.2810356e-02	5.2422218e-02	7.9793289e-02	-3.3121366e-02	-3.2555327e-02	9.3651488e-02	-3.2844096e-02	-1.6589448e-02	-3.1906977e-02	1.1913043e-04	1.3826532e-02	-5.1807933e-03	1.2210971e-02	6.0336985e-02	-5.3594511e-02	5.6502582e-03	4.9961060e-03	3.8463909e-02	-9.6369192e-02	-1.5126586e-01	5.5858094e-02	4.0943280e-02	1.6374636e-02	1.3214973e-01	-2.5421666e-02	-7.3281769e-04	-6.5619922e-03	2.2727048e-02	2.0684673e-02	-5.2606943e-04	-9.3781173e-02	4.2376138e-02	-4.7458552e-02	-6.6613160e-02	7.8595234e-03	2.5302427e-02	1.1592469e-03	5.1274829e-02	-2.2078944e-02	2.9354081e-03	9.8066926e-02	2.6139101e-02	4.2876370e-02	-1.4058794e-01	2.4934221e-02	-2.2726474e-02	-6.0618464e-02	-5.1563047e-03	1.1580815e-01	5.3224832e-02	-2.3211053e-02	4.5956429e-02	1.0192553e-02	7.5296522e-03	2.7518665e-05	3.4916863e-02	1.3619931e-02	9.6657962e-02	5.6648888e-02	-3.7226867e-02	5.1722817e-02	1.4183088e-02	3.5435662e-02	8.5903510e-02	1.1362647e-01	-1.5296504e-02	1.0507829e-01	4.9442329e-02	-8.5102096e-03	-8.6744584e-02	-8.6985707e-02	2.7710065e-02	8.8721439e-02	-4.1957457e-02	-2.2244480e-02	-3.3461064e-02	-6.5927528e-02	1.9012190e-02	-7.0256457e-02	-5.9513166e-03	-5.0999299e-02	-5.5587478e-02	4.5496367e-02	-3.0744731e-02	-1.3412913e-02	4.2548429e-04	-5.6790743e-02	-5.2850462e-02	-5.6288265e-02	-1.1070757e-01	-2.7551258e-02	-2.3434689e-02	9.2141233e-02	-1.3274170e-01	-6.0875624e-02	-9.0704829e-02	-4.2536657e-02	-4.2773124e-02	2.5407868e-02	9.9149130e-02	-1.0015312e-01	6.3158318e-02	3.2987899e-01	4.4755984e-02	-2.8468672e-02	-5.5081479e-02	-4.7318223e-01	-4.4699791e-03	3.5691366e-02	-7.2240449e-02	-2.6986249e-02	7.4241780e-02	7.7472236e-03	2.8985497e-02	2.0834379e-02	-7.0844278e-02	4.2205479e-02	2.3351094e-02	-3.9329417e-02	-6.0938235e-02	-5.4303929e-02	-3.3317212e-02	3.6508158e-02	4.2760592e-02	-8.4597692e-03	-5.6794707e-02	2.0932034e-02	-3.3335708e-02	-5.5826768e-02	1.2387417e-02	2.1625604e-02	1.4412729e-02	-4.2659782e-02	5.4341868e-02	4.6853077e-02	1.4936191e-02	8.3776608e-02	3.1772692e-02	-2.6610054e-02	4.1072123e-02	-1.8099949e-02	-1.1996861e-02	-6.1704293e-02	-5.9500959e-02	-8.4513009e-02	1.1344756e-02	-9.4596799e-03	-6.4521477e-02	7.4653946e-02	4.3430328e-02	-1.7068330e-02	-3.2641001e-02	-3.1893272e-02	5.3638737e-03	1.2770209e-02	1.9526010e-02	4.0374566e-02	9.7709887e-02	1.2733449e-02	2.7833415e-02	2.8382257e-02	7.3329769e-02	1.3188257e-02	2.6018834e-02	1.2668485e-02	-5.7453313e-03	-3.0283205e-02	4.9166907e-02	-6.6038221e-02	-1.9617546e-02	2.0637248e-02	1.5048536e-02	9.5552430e-03	1.5341261e-02	-2.8611198e-02	-6.5807439e-02	-2.5492659e-02	-8.4253483e-02	3.6931850e-02	-8.2292542e-02	2.7562920e-02	-4.7875825e-02	-3.3799414e-02	1.2058629e-01	-3.0091796e-02	-2.0870864e-02	1.0828053e-01	7.3911585e-02	4.5101377e-03	4.5848351e-02	6.6329204e-02	7.5729772e-02	8.3787747e-02	2.2463208e-02	1.8741900e-02	1.4377385e-02	-4.8693426e-02	5.2041076e-02	9.9339552e-02	4.8297558e-02	2.6636371e-02	6.6922970e-02	9.9008493e-02	7.5719021e-02	6.7480564e-02	-1.2861940e-03	3.0712878e-02	-1.5852815e-01	-3.9713319e-02	8.6031854e-02	-1.3861551e-02	9.6217701e-03	-1.1629374e-02	-1.3808557e-01	4.5463767e-02	1.3686042e-01	-4.4277415e-02	-5.5069759e-02	-1.1126222e-01	-7.5055167e-02	-2.8687766e-02	-5.0701741e-03	-1.5037403e-03	2.1532955e-02	1.9760087e-02	6.0385108e-02	5.7201475e-02	-4.4761289e-02	-3.1723291e-02	-6.1581630e-02	6.0528450e-02	3.7800837e-02	8.8951729e-02	7.0798516e-02	2.1402935e-02	-5.8237225e-02	-4.8881453e-02	6.8174198e-02	-5.0272878e-02	-5.2336799e-03	-1.9283982e-02	7.4265316e-02	8.6884871e-02	4.1086517e-02	1.6436996e-02	-1.7992487e-02	-2.3119546e-02	1.9123334e-02	5.3658351e-02	6.7237355e-02	-4.7256343e-02	-2.5675718e-02	7.7279910e-02	-6.7480383e-03	3.4528337e-02	3.2373950e-02	4.2683158e-02	4.6363119e-02	2.0071181e-02	-3.7455905e-02	1.9663485e-02	-3.1293396e-02	4.5048189e-03	-6.9771342e-02	2.1651259e-02	-1.5187798e-02	2.5134735e-02	7.1452789e-02	-1.6071672e-06	-4.0288705e-02	-3.0584989e-02	1.3099303e-02	-6.0709007e-03	-4.0356811e-02	-9.1176763e-02	-4.7573455e-02	-2.8981077e-02	3.1091773e-04	-9.0821974e-02	-3.7960846e-02	-9.3744114e-02	1.5658056e-03	-4.5336261e-02	-1.2057982e-01	-5.4093603e-02	5.3541396e-02	-2.1841032e-02	3.0189095e-02	1.0732392e-01	-1.8200848e-02	7.2689034e-02	2.9841023e-02	9.2318885e-02	-7.7747039e-02	3.0035419e-02	6.0393098e-03	6.4246148e-02	-2.1283906e-03	6.7666121e-04	3.8357694e-02	-1.1882133e-01	-4.2909202e-03	-5.8949932e-02	-1.1689167e-01	-1.2508643e-02	7.0597217e-03	-4.6302635e-02	2.8816424e-02	-2.3446299e-02	-6.0437728e-02	-7.8465171e-02	-1.3172272e-01	-1.2878329e-02	-8.1760287e-02	-1.2871866e-02	-2.1686594e-01	2.4620088e-02	1.0847559e-01	-7.1720392e-02	-8.8990591e-02	1.1554603e-01	2.1182232e-01	1.1200292e-02	-1.6074142e-01	8.9045260e-03	1.1571031e-01	-1.6134582e-02	-7.1204826e-02	7.4538165e-03	-2.2445014e-03	6.4410314e-02	-5.2900314e-03	-3.6090404e-02	7.7438153e-02	1.1374841e-01	1.1480574e-02	-1.5460511e-02	-3.0006040e-02	-4.6155579e-02	1.0068950e-01	-2.2349862e-02	9.5088808e-03	2.6422743e-02	6.7355707e-02	3.3795286e-02	3.2890048e-02	1.9201756e-02	2.2458151e-02	8.5556731e-02	-7.0397174e-03	7.4927732e-02	7.1146280e-02	2.4115581e-02	-5.4591399e-02	-1.3611834e-01	8.8509560e-02	1.0817255e-02	1.1316768e-02	-4.5069620e-02	-2.9617224e-02	-9.7675212e-02	1.5043736e-02	1.6039174e-02	-3.4419131e-02	-5.5478662e-02	-2.2598570e-02	-3.7501596e-02	1.1112971e-01	-9.8429225e-02	5.4018032e-02	5.9873633e-02	8.1795201e-02	4.2164117e-02	-9.1537377e-03	-4.2524017e-02	2.3379860e-02	1.2676443e-01	1.5124386e-03	-4.6847098e-02	1.4374816e-01	-4.8899285e-02	6.3021593e-02	-3.8380250e-02	5.6257948e-02	8.5223772e-02	1.3296755e-02	-8.6190522e-02	-7.1534989e-03	6.0413866e-03	-2.7203590e-03	-1.8032296e-02	-2.2949636e-02	3.7433274e-02	5.7284730e-03	8.4072249e-03	4.7231711e-02	1.1233184e-02	1.5618371e-02	-4.4218700e-02	4.6071272e-02	-1.9065972e-02	5.4495610e-02	5.2795049e-02	1.3924635e-02	4.7370583e-02	7.2487943e-02	-2.5274570e-03	-2.9240642e-02	-3.1697827e-03	2.3025068e-02	1.5086000e-02	-6.4359762e-02	-3.7884116e-02	-2.0358318e-02	-2.2247676e-02	-1.4871547e-01	-6.6005632e-02	-1.3318902e-02	-1.8353431e-01	-1.0365969e-01	-1.2541713e-01	-1.9329539e-02	-1.5741305e-02	2.7677464e-01	-9.5899599e-03	1.8164560e-02	1.4258327e-01	-6.1442751e-02	2.4277113e-01	-2.6316187e-01	-2.6090673e-01	3.0065832e-01	-4.2389397e-02	2.3895895e-02	-6.2440522e-02	-2.6644923e-02	7.1918622e-02	-4.9325176e-02	-6.1363947e-02	-2.0417107e-02	-3.8317602e-02	5.3512156e-02	-4.0638104e-02	-1.0444761e-02	-4.8960645e-02	5.2935768e-02	-9.8319724e-02	-2.7208639e-02	-2.6585577e-02	5.0542660e-02	-3.7135083e-02	-1.7409302e-02	-6.5117054e-02	-2.3482934e-02	1.8375771e-02	1.0738675e-01	-4.9814828e-02	-5.7761475e-02	9.2764341e-05	4.7909822e-02	-1.9345997e-02	-3.7288338e-02	-4.4004768e-02	-2.1619853e-02	9.2588700e-03	-3.8981494e-02	-3.1226713e-02	1.3779053e-02	3.1438861e-03	4.2446461e-03	-6.3193746e-02	8.4342368e-02	7.9788072e-03	-4.5699798e-02	7.6334760e-02	8.9374809e-03	4.4051513e-02	1.2179252e-01	3.6674306e-02	3.9462401e-03	-1.3941905e-02	9.6009392e-03	-8.8880539e-02	-1.5510737e-02	4.9463127e-02	-2.6684329e-02	4.1777149e-02	-1.3736085e-02	-3.8947962e-02	1.2505433e-01	8.2029682e-03	4.6379026e-02	-2.7756402e-02	-2.1094004e-02	4.1472461e-02	-1.0463160e-02	-2.7760528e-02	8.0216452e-02	-4.5457724e-02	6.7359559e-02	-3.8625758e-02	6.8219364e-02	-8.2585193e-02	1.3743494e-02	1.5791213e-02	2.7790340e-03	2.8258741e-02	2.4793418e-02	4.6909887e-02	-6.5415040e-02	-3.5283387e-02	2.6047232e-02	2.6502438e-02	6.9761947e-03	-5.5050440e-02	-3.7336200e-02	-4.2257193e-03	3.2102700e-02	-1.7523334e-03	2.1355920e-02	3.9249666e-02	6.1048143e-02	2.4303453e-02	1.9275798e-02	-8.7349802e-02	-3.8678430e-02	-4.9201362e-02	-6.1258141e-02	-5.0867133e-02	-8.2810462e-02	-1.6005409e-01	-9.0495549e-02	-4.4447342e-01	-5.6323439e-02	-1.0940947e-01	2.3111407e-02	-3.4328286e-02	-2.2842675e-02	3.8882455e-01	1.7251931e-01	4.5609750e-02	1.1449185e-02	-4.6052333e-02	-2.7441557e-02	-4.0612645e-03	-1.2638043e-02	-2.5602547e-02	-1.6973797e-02	-1.5208962e-03	-2.7512236e-02	-5.7741340e-02	-2.5793320e-02	8.0735490e-02	6.0460575e-02	-6.7667402e-02	2.5583170e-03	5.8318097e-02	-4.3535557e-02	-2.3887219e-04	6.0649544e-02	-3.1955644e-02	3.3431266e-02	-9.4629070e-03	1.1612616e-02	-4.5670506e-02	-9.6552044e-02	-1.0938390e-02	-5.6275904e-02	-2.4184586e-02	-1.3310162e-02	1.1053080e-01	2.1064639e-02	1.3244624e-01	-1.3848834e-02	-3.6579240e-03	-8.2841247e-02	-6.1646890e-02	9.1246245e-03	-8.9749046e-02	3.1612006e-03	-1.3846833e-01	5.8232706e-02	7.4711926e-02	7.5252801e-02	2.0775121e-02	-4.0693160e-02	-4.5735750e-02	6.1053981e-04	4.4032570e-02	4.1638937e-02	7.0076488e-02	8.8312730e-02	1.0600478e-02	7.1287997e-02	-1.2095165e-02	7.7162996e-02	5.0624248e-02	-5.9938379e-02	5.3939380e-02	9.5092706e-02	-3.5951607e-02	3.2261116e-03	1.4031768e-01	-9.3083698e-03	8.4190853e-02	1.0187340e-01	-3.4936424e-02	4.9112003e-02	-4.7815200e-02	2.5608113e-02	2.1968005e-02	1.9122824e-02	-3.2460660e-02	-5.1364256e-04	3.9632734e-02	3.8790446e-02	1.2436808e-01	-1.9517964e-02	2.8079657e-02	8.4016593e-03	7.2821043e-02	3.1632818e-02	2.7110340e-02	3.1315256e-02	4.5970712e-02	4.4994742e-02	1.2293850e-01	9.2328556e-02	6.6864178e-02	9.7705990e-02	4.4484809e-02	-1.0668027e-01	1.4232984e-01	1.4255695e-01	3.3461042e-02	7.9308525e-02	4.1231964e-02	1.0211357e-01	1.6559977e-02	7.8521393e-02	1.2884474e-01	1.7936496e-01	1.6104804e-01	7.6621428e-02	6.7005344e-02	-8.9225806e-02	-1.6537124e-01	-4.5552994e-03	-5.6621067e-02	2.2229752e-02	-3.5539567e-02	-3.9347559e-02	7.4094720e-02	1.0047894e-04	5.8094367e-02	-3.3817057e-02	-3.1886183e-02	4.0104058e-02	5.4060776e-02	-3.8638860e-02	3.1038329e-02	-3.2193486e-02	4.8127040e-02	-4.4421714e-02	3.6110703e-02	-7.1928419e-02	1.5514571e-02	-3.1653080e-02	4.8298921e-02	2.6520830e-02	-5.5306710e-02	2.3140363e-02	-5.0582282e-02	4.6629515e-02	8.8889068e-03	-3.9291054e-02	3.1281829e-02	-1.7154142e-01	-6.2917039e-02	1.4927666e-02	1.7706990e-02	-2.5959700e-02	3.4369917e-03	7.6225907e-02	-3.7633851e-02	-1.1745623e-01	1.1909227e-04	5.2636672e-02	-5.6279533e-02	-1.1686201e-01	-5.9744906e-02	6.2939093e-02	-2.2760171e-02	-3.4780388e-03	3.2349646e-02	-1.2909283e-02	9.6282549e-02	-4.6577204e-02	7.5719625e-02	2.8388431e-02	-1.7665321e-02	1.2564337e-01	1.2495515e-01	4.3030415e-02	8.0135882e-02	2.0931395e-02	7.9829492e-02	-4.2062923e-02	8.5430965e-02	9.7623125e-02	1.2941833e-01	-1.2897386e-02	5.8923677e-02	-3.1625252e-02	-7.2166502e-02	-3.3749767e-02	-6.4308576e-02	3.9061256e-02	2.1820273e-02	-4.0666487e-02	4.0777531e-03	-3.5767209e-02	-8.1811287e-02	1.3136610e-02	2.3602901e-02	1.0037367e-02	-3.6608770e-02	-2.9064605e-02	-2.0266389e-02	3.1521037e-02	1.7018050e-02	-9.2718296e-02	8.8432361e-04	-4.7703288e-02	6.7927748e-02	6.0787749e-02	1.0070901e-02	8.8383242e-02	1.2294354e-01	1.1832039e-01	1.9130805e-01	5.9888449e-02	1.2279690e-01	8.3995245e-02	6.4795822e-02	1.1423902e-01	5.7646189e-02	1.9081500e-01	-2.4587223e-01	-3.7091741e-01	-4.0306756e-01	1.1198916e-01	1.5249971e-01	8.6678609e-02	-7.5585455e-02	-8.9022778e-02	4.7485884e-02	4.7380915e-03	4.5939013e-02	-1.2921415e-02	5.1915579e-02	-1.0450349e-02	-2.9802015e-02	2.2142660e-02	-4.6414711e-02	3.1504594e-02	-1.6506804e-03	3.8890965e-02	-1.4291942e-03	-3.6552060e-02	-2.0203772e-03	1.8602677e-03	4.9474631e-03	-9.6300971e-03	-1.7361604e-02	1.4098170e-02	1.4819897e-02	6.6956475e-02	-2.2067294e-02	-1.0641700e-02	4.6998240e-02	-3.1470433e-02	4.6164420e-02	-2.6934095e-02	-7.7882307e-03	2.2115262e-02	-1.3367387e-02	3.0300118e-02	-5.7029761e-02	-1.1478869e-01	5.0910999e-04	-1.3688371e-02	-2.3058392e-02	-3.4588460e-02	5.0223112e-02	-7.9920977e-02	4.7884136e-02	6.8402607e-03	1.1343664e-01	1.6189381e-03	1.1526840e-02	9.4326854e-02	3.9650542e-03	3.8081242e-05	3.0468975e-03	-3.9355703e-02	6.7795880e-02	-7.3264077e-02	6.8573922e-02	1.8829511e-02	-1.0063358e-01	5.6415834e-02	-5.4488592e-02	5.0557237e-02	2.8831990e-02	5.6416377e-02	5.0967298e-02	-6.2253751e-02	3.6748316e-02	-2.6409952e-02	1.5230319e-02	-1.0555643e-01	5.2663621e-02	1.6179577e-02	-3.8589858e-03	-2.8386291e-02	1.1909036e-02	-6.1465442e-02	-1.2231890e-01	-8.0554180e-02	4.2142704e-02	-8.9111476e-04	6.2207863e-02	-2.5402179e-02	-4.6066087e-02	-1.2535095e-02	1.4986959e-03	1.5186365e-02	-5.1354483e-04	1.4837675e-02	-6.3445345e-02	-4.7027707e-02	6.0592152e-02	7.3422879e-02	4.9795035e-02	-4.0499768e-03	1.2601988e-01	-5.6118850e-02	-5.3520454e-03	2.6563158e-02	-1.3253673e-02	-5.6760810e-02	-4.0806171e-02	3.5789516e-02	8.4400699e-03	2.1145575e-01	4.3637492e-02	1.1774900e-01	3.6869764e-02	-3.1527553e-03	1.0721867e-01	-1.4479004e-01	-3.7475562e-01	7.8166202e-02	-2.4653373e-02	-5.2621029e-03	-6.5040588e-02	-7.4813344e-02	-4.2901706e-04	-4.2657342e-02	3.1869173e-02	3.1414572e-02	5.5647295e-02	-8.1958110e-03	-4.3640736e-02	-1.7661616e-02	4.6607155e-02	-6.8099737e-02	2.0958157e-02	-3.2177005e-02	-1.8436223e-02	1.9134140e-02	4.4093363e-02	6.4895712e-03	-7.4684853e-04	3.6392033e-02	-8.6544671e-05	4.2028740e-02	8.8813990e-02	-9.9218246e-03	-7.1677625e-02	-3.8480308e-02	5.7600375e-02	-2.0348087e-02	-2.8135035e-02	-4.9167730e-02	-1.0084953e-01	7.4116953e-02	-5.2453768e-02	-7.0858665e-02	-5.3616751e-02	-1.1274817e-01	-2.1593407e-02	-9.2403822e-02	-6.2593338e-03	-1.4260262e-02	-6.5530002e-02	-1.3609074e-01	4.2389922e-02	-8.9296207e-02	2.1451185e-02	-1.5406250e-03	3.4643073e-02	9.5038218e-03	7.5507395e-02	-5.1343539e-03	4.2190362e-02	2.7702680e-02	5.8431000e-02	7.5112239e-02	9.8448627e-02	1.5707968e-02	9.6156590e-02	6.2280256e-02	4.7437996e-02	4.7430471e-02	-5.4596599e-02	-1.3788573e-02	3.8007684e-02	9.4492778e-02	-1.2817593e-02	-3.7402220e-03	2.4035858e-02	5.0523978e-02	2.5933402e-02	-4.4027057e-02	-3.2217033e-02	-3.9792042e-02	4.0978529e-03	4.2164996e-02	3.9880656e-02	-6.5207598e-03	-3.3940818e-02	-2.5499864e-02	4.9760174e-02	-5.4148510e-02	3.1135133e-02	-1.4308623e-02	-3.0365534e-02	-5.0238922e-02	-1.8367786e-02	2.7663955e-02	2.8356804e-02	-3.3695858e-02	-1.5237734e-02	-6.0222019e-02	-4.1603003e-02	-4.3047071e-03	-2.1592187e-02	-2.3130684e-03	-1.3446903e-01	-2.2133648e-02	-3.7228633e-02	-2.3654362e-02	-2.1210222e-01	1.9259834e-01	1.9503017e-01	6.8978623e-02	-2.7028018e-01	6.0278155e-02	2.2944324e-01	-1.2135482e-02	3.7379257e-02	4.8560545e-02	-1.7584154e-02	2.2162030e-02	1.4364246e-03	-2.4164226e-02	-2.4575904e-02	4.4938035e-02	-3.6456753e-02	-1.7022964e-02	1.8319935e-02	5.1376477e-02	-6.2411348e-03	4.4046409e-02	-6.3887239e-02	6.0427934e-02	-8.6853519e-02	-1.3577883e-02	-2.3330554e-02	-6.5282308e-03	4.9020391e-02	-1.0443364e-02	1.6655499e-02	7.9090416e-02	-2.3538185e-02	-7.4584872e-02	3.6515206e-02	2.3618862e-02	2.7048761e-02	5.2517038e-02	4.1031167e-02	-2.2783304e-02	2.7005786e-02	-1.0179382e-01	-1.8740480e-03	-3.7670135e-02	-1.5078335e-02	2.3548065e-03	-6.3410136e-03	-2.1796012e-03	1.2208502e-01	5.9397696e-03	1.0344744e-01	9.0071715e-02	7.9344235e-02	-6.7943241e-03	3.7002958e-02	2.7891725e-02	3.5737850e-02	3.1044933e-03	-1.7143276e-02	-1.4329333e-02	-8.6158877e-03	-1.2007435e-01	3.4129785e-03	-7.3172599e-02	-5.1239818e-02	1.0953383e-02	-6.6847987e-02	-3.7392389e-02	-9.0323217e-02	-4.6239950e-02	-1.9442527e-02	-1.0468419e-01	-1.4840345e-02	-3.1126944e-02	7.2117679e-02	1.3800749e-01	-3.7469354e-02	-2.2142904e-02	4.0484834e-02	-9.8126628e-02	-1.1587308e-01	-9.4642028e-02	5.2386797e-03	-1.2059751e-01	-8.5123643e-02	-3.7053287e-02	-2.7451647e-02	8.9248478e-02	1.3828866e-01	1.9357365e-02	-5.5188540e-02	-7.3343636e-03	1.9329550e-02	-1.9756010e-02	-1.4496930e-02	1.4775907e-02	-2.5874777e-03	-3.6257029e-02	-5.6692880e-02	1.0003035e-01	-1.3733724e-02	-5.8912735e-02	1.6342758e-01	9.2160985e-02	6.5139093e-02	3.8111273e-02	1.3777272e-01	2.9157484e-01	1.8399809e-01	-5.0152238e-02	-2.9784712e-01	6.3321173e-02	-7.4514970e-02	-4.9653973e-02	2.1887735e-01	8.1525177e-02	-2.8322071e-02	-5.2514814e-02	-4.6464400e-03	1.4390369e-02	-4.1745510e-03	3.5475660e-02	4.4845127e-02	-3.7682019e-02	-2.9076904e-02	-3.0306708e-03	-3.1602882e-02	-4.0313546e-02	9.4038537e-03	-6.4759575e-02	-2.5804942e-02	-8.5107125e-03	-5.0266776e-02	3.2065619e-02	7.9597019e-02	-6.2785923e-02	4.8608743e-03	2.2812799e-02	4.4641633e-02	-6.4328745e-02	6.3748606e-03	-7.7277638e-02	-2.6011175e-02	-1.1381427e-02	-2.1884700e-02	1.7137760e-02	2.4271846e-02	-4.5320563e-02	-2.1338498e-02	6.5509900e-02	-2.6732275e-02	-4.8600424e-02	1.0428133e-03	3.3312153e-02	2.9071374e-02	-2.5352020e-02	-6.1074603e-02	-1.1512972e-01	-9.0893693e-03	2.4693139e-02	2.7225874e-02	4.3430440e-02	2.0151809e-02	7.8411743e-02	-4.5168255e-02	9.5213652e-03	-2.9873487e-02	-6.7386694e-02	2.0134719e-02	2.5657728e-02	-7.6345809e-02	4.5910580e-03	1.1298227e-03	-1.0787801e-01	2.0639682e-02	-4.6795871e-02	2.6835142e-02	2.2584835e-02	9.7755063e-03	-1.1614321e-02	-5.2761395e-02	-3.3352837e-02	-1.1356182e-01	2.4577444e-02	-1.6525758e-02	6.6152543e-02	5.8401715e-02	-3.3052422e-02	-9.4520822e-02	1.8724779e-02	-1.4143177e-02	-1.0950969e-01	-6.0249262e-02	2.6161839e-05	-1.0674825e-01	-4.2271599e-02	-9.6830294e-02	2.9347606e-02	-4.9041379e-02	7.9326481e-02	7.0477560e-02	1.1169103e-02	1.0955540e-01	4.2900108e-02	1.6629171e-02	9.2580162e-02	1.9540899e-02	1.0953326e-01	1.3975041e-02	2.6570372e-02	1.9948518e-02	2.9089646e-02	1.8526317e-01	6.9492988e-02	7.9138212e-02	-6.4459197e-02	2.6031679e-01	4.0443544e-03	1.3669987e-01	-4.1456815e-02	1.1884554e-01	2.7794489e-03	-2.2601439e-01	5.9881009e-02	1.8336909e-02	7.3410906e-03	-1.7058255e-02	-2.9676253e-02	-6.4726979e-02	-9.1911800e-04	4.6617337e-02	5.0999649e-02	-4.9730733e-02	-2.6977357e-02	-3.9721195e-02	-3.7857380e-02	2.4869878e-02	4.7612316e-03	-9.7242119e-03	-2.4561867e-02	-5.9336117e-03	-2.0064618e-02	3.3336785e-02	-5.4964878e-02	-3.0535044e-02	1.6046546e-02	-2.7075224e-02	3.8100217e-02	7.0367105e-02	9.1024406e-02	-3.0162934e-02	5.2922934e-02	3.3737671e-02	-3.0490234e-02	4.4068277e-02	8.7469053e-03	-6.3443989e-02	-5.4144707e-02	3.2245178e-02	-1.5325660e-02	-7.3519737e-02	-2.5595961e-02	3.6691546e-02	-6.5133028e-02	6.4220093e-02	-4.5995899e-03	-6.1947111e-02	6.1467574e-03	-9.1549177e-03	1.2496652e-02	-3.4141190e-02	2.8373320e-02	7.5221643e-02	5.6702379e-02	6.9846660e-02	7.0856124e-02	5.1783469e-02	2.6734291e-02	7.2386220e-02	2.1546585e-02	-2.1442145e-02	-1.8417694e-02	1.9281052e-04	1.7988224e-02	3.1171648e-02	-4.6162959e-02	9.9634901e-03	-6.3362136e-02	-9.6200407e-02	7.0722051e-02	8.6831287e-02	-6.2176347e-02	3.0645510e-02	-3.8279641e-02	1.1615389e-02	-3.6217202e-02	-1.3598103e-02	-2.5366636e-02	-3.9138617e-03	-1.0216213e-01	3.1776391e-02	1.0665077e-02	2.2181826e-02	-7.0133447e-03	2.5509955e-02	-3.3342652e-02	1.3059855e-02	8.1885800e-02	3.5468560e-02	-4.7857992e-02	-6.1448108e-02	-5.4097705e-02	2.7970614e-02	-5.3937994e-02	-4.9634926e-02	-4.4522580e-02	-9.6617900e-02	-3.4820311e-02	-1.1712011e-01	-6.3805459e-03	4.5339487e-02	5.2125722e-02	-6.4031199e-02	1.2597804e-01	5.9720393e-02	1.1610321e-01	3.6085507e-01	-9.6840106e-02	8.3738238e-02	-2.0687684e-02	-2.5516102e-01	8.2679905e-02	8.1032552e-02	2.6629012e-02	-7.7129349e-02	5.1603910e-02	-4.2163495e-02	1.0404044e-02	-2.6153397e-02	3.9881032e-02	-5.0019432e-02	-4.8784267e-02	-5.1205896e-02	4.6629541e-02	2.1811148e-02	-1.3958110e-02	1.4188692e-02	-5.5491538e-03	3.6600955e-02	2.5317403e-02	-3.6339480e-02	8.9236543e-02	-3.1349324e-02	-6.6324241e-02	-2.6588857e-02	2.0236350e-03	8.4003344e-02	-1.1916153e-01	-1.5351436e-02	6.7189179e-02	-4.3566745e-02	-6.1480291e-02	-1.9567952e-02	-5.9182566e-02	-6.4144962e-02	-4.2306250e-03	-6.9980286e-02	2.0621505e-02	4.7232188e-02	-8.6383812e-02	-1.0901268e-02	7.7883661e-02	-5.0284248e-02	1.1502454e-01	3.9917778e-02	-1.2354094e-02	2.9216785e-02	-2.0541284e-02	-7.9675451e-02	5.0448771e-03	2.8759325e-02	-1.2709688e-02	-8.3890200e-02	3.0829921e-02	2.8227486e-03	-2.1108394e-02	1.6325921e-02	9.7004645e-02	5.3934876e-02	6.2136006e-02	-2.8072444e-03	3.8757499e-02	1.4341766e-01	9.4064854e-02	5.5870000e-02	-7.8553464e-03	7.5228982e-02	1.0896237e-01	-6.1873179e-03	-4.1686252e-02	-3.0967075e-02	-1.0907521e-02	9.5524222e-02	-9.1455355e-02	-1.0344439e-02	5.7983357e-02	4.7576688e-02	7.5655684e-02	1.1917758e-02	5.1407307e-02	-5.1301336e-03	5.7899807e-02	1.9575536e-02	-7.4999645e-02	1.9335823e-02	-7.5409494e-02	7.3088654e-03	1.3846286e-02	4.4083383e-04	3.7365537e-02	5.1620618e-02	2.1164848e-02	2.8536012e-02	-2.1550290e-02	-4.8387472e-02	4.8005511e-03	-1.1862431e-02	2.4652239e-02	-1.2783580e-02	-1.0508793e-02	-5.5482998e-02	-5.1902406e-02	8.8078439e-02	-1.3335979e-01	-2.1427169e-01	5.5798177e-02	-2.2476351e-01	-6.1329726e-02	1.9061493e-02	1.3588764e-01	9.2998058e-02	6.6463754e-02	-5.5511384e-03	-1.1690190e-02	-6.6066213e-02	5.2651286e-02	1.7344890e-02	1.3280616e-03	-9.9723361e-02	6.0427912e-02	1.4516526e-01	9.2568859e-02	-2.3103133e-02	3.8838986e-02	-1.4922783e-02	7.4740797e-02	3.3775043e-02	3.3160467e-02	5.0989809e-03	-4.0698398e-02	5.6054331e-02	-2.5104048e-02	5.9786178e-03	-8.3252518e-03	2.0315084e-03	6.4050190e-02	-6.8926111e-02	6.8347111e-02	-5.5680296e-04	-9.6074156e-02	7.8770325e-02	1.7991947e-01	1.0055061e-01	-6.7797691e-02	-9.6744426e-02	-3.4849308e-02	-7.0970371e-02	2.2954725e-02	-8.0710568e-02	-8.6372467e-03	-3.1546209e-02	1.6484708e-02	-7.8688525e-02	1.6554728e-02	-2.4003843e-02	-9.2434417e-03	8.9994758e-02	-2.2943046e-02	7.6917961e-02	3.6809515e-02	5.4261308e-02	8.0026828e-02	7.0273494e-03	8.3535239e-02	7.9587117e-02	1.5194866e-02	-7.5134449e-02	-5.7028923e-02	4.5470122e-02	7.9145640e-02	-4.4515964e-02	-2.0416996e-02	5.9693165e-02	4.5545515e-02	-1.0290408e-01	-4.5665156e-02	-3.2606495e-03	-5.5307341e-03	-5.3673044e-02	-9.3126893e-02	1.0820605e-02	-5.8447071e-03	-6.8174265e-02	5.1871181e-02	7.7249169e-02	4.1976988e-02	3.5552356e-02	-9.8526310e-03	-4.9781422e-03	9.4212912e-02	2.7228305e-03	-7.9936767e-03	3.7021346e-03	8.5260749e-02	3.4670305e-02	1.6420748e-02	1.4548931e-01	-6.6274069e-02	6.2274653e-02	3.5816005e-03	-8.6046448e-03	-7.8048177e-02	8.1348859e-02	-3.4230858e-02	2.4642255e-02	7.0982223e-04	-1.9228702e-02	-8.2133494e-02	7.8222282e-02	1.4184727e-01	-2.2694660e-02	-6.5730795e-02	1.9237810e-01	-1.9501444e-02	-1.2899102e-01	2.0933668e-01	-1.3524947e-01	-1.6252181e-01	-1.3085370e-02	1.9359607e-02	-1.4575560e-02	5.3835553e-03	-5.9565406e-02	3.4138728e-02	-5.7260998e-02	1.2819852e-01	-4.9004439e-02	-5.0404105e-02	6.4919770e-02	-6.0897175e-02	6.6192783e-02	2.4050765e-02	1.6388083e-02	-2.2076888e-02	2.0883894e-02	-6.5981872e-02	-1.8327000e-02	1.7410781e-02	6.0103502e-02	-3.2167784e-03	7.9290107e-02	-1.7926335e-02	-3.4101736e-02	-7.5646050e-02	-2.0820942e-02	-2.7451027e-02	-7.8586437e-02	8.5157938e-02	1.3376488e-01	2.0836983e-03	2.1982579e-02	6.9480687e-03	-5.8651231e-02	1.7315384e-02	4.4608440e-02	4.5754198e-02	7.1996890e-02	-4.7956530e-02	-1.3592177e-02	-8.9283571e-02	4.0469319e-02	-2.2690659e-02	-1.6095171e-02	-2.3775021e-02	-1.0074343e-01	-5.5955600e-02	-3.3699770e-02	-5.3521026e-02	-3.5062138e-02	-8.4521897e-02	-8.3321683e-02	2.5536355e-02	-5.8851041e-02	-3.9327769e-03	7.7013299e-03	5.1117219e-02	1.2360857e-02	-1.9527130e-02	5.9790716e-02	1.3907085e-01	-4.8055820e-02	4.6236020e-02	1.5694616e-02	4.6944730e-02	5.1828105e-02	-6.1198145e-02	5.2841860e-03	1.2311993e-02	-2.7493916e-02	9.3764653e-03	-4.3434355e-02	-4.2310953e-02	-5.1215898e-02	-4.5690168e-02	5.0060783e-02	-6.5539137e-02	1.0504112e-01	4.8351429e-02	1.7333394e-01	-2.0179925e-02	3.5705257e-02	-5.6155484e-02	-2.2436498e-02	-3.3023410e-02	3.6370378e-02	-1.7706556e-02	2.0603526e-02	2.5693262e-02	3.9964680e-02	-2.1922594e-02	-6.4092621e-02	-1.0550086e-01	4.6776384e-03	-1.0787673e-01	6.3888859e-03	-2.4846436e-02	1.7633105e-02	1.0066000e-01	-3.7064884e-02	-7.4057736e-02	-2.9963690e-01	2.3145992e-02	1.2320574e-02	-9.2586927e-02	5.2998823e-01	9.0739042e-02	-4.2413764e-02	-1.7445587e-02	5.7584036e-02	-2.5781304e-02	-1.2632673e-02	8.9359850e-02	5.1607490e-02	-1.7605782e-02	-7.5730123e-02	3.4964703e-02	1.0196376e-01	-5.7508662e-02	-3.7473939e-02	-1.8463969e-02	1.0579570e-01	-4.4927612e-02	1.8589066e-03	-2.4920984e-03	4.0738765e-02	-5.4322068e-02	3.5079405e-02	3.5028361e-02	5.1612161e-02	5.2004013e-02	-4.6396203e-02	1.2072129e-01	1.7721582e-02	2.9625906e-02	-9.2171460e-02	6.6448152e-02	3.7923504e-02	9.0194359e-02	8.3485432e-02	-3.9512422e-02	-5.6414131e-02	-4.8919588e-02	-4.9694460e-02	2.9189009e-02	1.8366510e-02	-9.7895131e-02	8.3953701e-03	8.0420807e-02	6.9875177e-03	6.1328191e-02	9.2199132e-02	1.0455099e-02	1.1092561e-01	6.5537959e-02	-7.4697196e-02	5.4147076e-02	-1.2946904e-01	-3.7669580e-02	-2.2285718e-04	-1.6566759e-02	-1.1152036e-02	-1.6442081e-02	-1.8551625e-02	9.8409485e-03	-2.7412388e-02	7.3177353e-02	1.0678078e-01	-3.6485404e-02	2.1812951e-02	6.5778103e-03	-6.7229629e-03	6.4970449e-02	1.3310011e-02	4.0613659e-02	-4.4927448e-02	5.3352892e-02	-1.0290039e-01	1.0910821e-01	-9.9071652e-02	-3.8980618e-02	-4.6040334e-02	7.0824125e-03	3.8435046e-02	1.7448751e-02	-2.8541492e-02	4.8691366e-02	-2.9234534e-02	3.7762687e-02	2.0277141e-02	-2.7155209e-02	-5.7063725e-02	6.7920797e-02	-3.6136445e-02	2.0731820e-03	1.4773114e-03	3.6215235e-02	5.5561535e-02	4.8477046e-02	3.1411093e-02	6.8743460e-02	6.5226532e-03	-1.0485995e-01	-3.0962013e-02	4.0207632e-02	-3.3848215e-02	-2.0906935e-02	-1.5208513e-02	2.3302693e-02	-2.0569527e-01	5.0188070e-03	6.0804375e-02	-2.2600710e-01	1.2391351e-01	2.1348065e-01	2.1039864e-02	-2.4129603e-02	-4.8615085e-03	1.5227250e-02	5.4338486e-03	-3.9637577e-02	1.9587129e-02	7.8574136e-02	-1.7567795e-02	-2.5550079e-02	-1.6377795e-02	-1.7415430e-02	4.7850419e-02	-2.6746931e-02	1.2161754e-01	-3.7590701e-03	3.3444133e-02	-7.7619463e-02	-4.5345742e-02	-1.6269794e-02	7.4237818e-03	3.4860559e-03	6.7281075e-02	4.6881724e-02	-5.0848104e-02	-4.9585622e-02	-4.9045101e-02	4.2984173e-02	-3.7228103e-05	3.4118511e-03	1.7031771e-01	-2.0327561e-02	8.5868509e-03	4.5740768e-02	-2.1724965e-02	1.0683783e-03	3.6768377e-02	3.2044556e-02	-2.8225139e-02	-1.5308594e-02	-1.8275509e-03	2.8515540e-02	-4.0600754e-02	-6.5190427e-02	-1.0542744e-01	-8.2737289e-02	-3.4933977e-02	-3.9567556e-02	-1.1761527e-01	-3.5202879e-02	2.9025696e-02	-2.8145948e-02	-5.5630762e-02	3.6229353e-02	-3.9663110e-02	6.7505997e-04	5.2766163e-02	-1.7889667e-03	6.3190155e-02	-6.2932022e-02	1.9468600e-02	6.1600458e-02	3.5066221e-02	-4.3297973e-02	-6.7243627e-03	2.0859038e-02	5.1203731e-02	-4.9593531e-02	-3.9381210e-02	-6.1816084e-03	-6.3685596e-02	6.5654754e-03	9.4852662e-03	-3.0833164e-02	-1.4512922e-02	7.4134387e-02	3.7098836e-02	-1.6704123e-02	-1.6017882e-03	1.5203128e-02	-2.8424319e-02	-6.2855887e-03	-1.4372127e-01	4.0359061e-02	7.6179966e-02	2.2043487e-02	-5.7874569e-03	-5.8730174e-02	-2.5352024e-02	-8.5407845e-04	1.2721369e-02	-1.9978995e-02	-4.3690331e-02	-2.7055420e-02	6.9835849e-02	4.5775112e-02	-4.6458036e-02	9.2354402e-02	7.0427075e-02	-1.2007402e-01	-5.1242761e-02	2.7490354e-01	5.2356070e-01	-1.5715192e-01	-8.1046514e-02	-5.4104216e-02	-3.0776942e-02	2.7624047e-01	5.9117299e-02	-1.6487446e-02	2.0856306e-02	-5.6097250e-02	5.5954609e-02	-1.0177771e-01	4.1264519e-02	7.1032858e-03	3.6913902e-02	-2.9617202e-02	-8.6108986e-03	6.8582997e-02	5.3217079e-02	3.8525492e-02	-1.0203241e-01	1.0389345e-02	6.2951535e-02	-2.6228746e-02	-3.7800256e-02	-1.9576399e-02	-7.1681865e-02	3.5882156e-02	2.5942065e-03	-2.9990029e-02	-1.6662568e-02	4.4120882e-02	2.3038037e-02	7.4920550e-02	6.8019144e-02	-3.8868465e-02	-6.2054832e-02	-5.4012284e-02	-4.8171457e-02	-1.5369928e-02	-7.2647683e-02	1.3317537e-02	-1.0527197e-02	8.9321546e-02	-1.2564145e-02	-9.9237934e-02	-2.3060258e-02	1.5139882e-02	1.9016309e-02	6.9559045e-02	1.9865921e-02	4.7379606e-03	-1.2009013e-02	3.0773250e-02	-1.5890496e-02	-4.7480151e-02	1.8241616e-02	-1.4474834e-02	-1.2320299e-01	1.2242397e-02	7.6336294e-02	3.5098646e-02	6.9910683e-02	2.2967350e-02	-3.2376521e-03	-4.4928439e-02	-2.3523541e-02	4.4940352e-02	-9.7934017e-03	-1.0615713e-02	7.9444155e-02	-8.4274381e-02	1.0899910e-02	2.4248268e-02	1.1777864e-01	3.6395926e-02	-9.8787965e-03	-9.8758508e-03	-2.8125206e-02	8.0257222e-02	-1.5247696e-02	-5.9170928e-02	7.2341129e-02	-1.0793548e-01	-1.3260292e-03	-6.9315396e-02	-3.9877035e-02	-9.2319675e-02	-4.9334478e-02	-6.6445149e-02	-1.2302343e-01	-4.1581499e-03	-7.1078435e-02	-1.6179129e-02	-4.9745586e-02	-6.6644531e-03	2.1150449e-02	-4.3467846e-02	1.8171849e-02	2.8886043e-02	5.9186644e-03	7.7586621e-02	6.9155090e-02	-2.0585606e-02	9.5939953e-03	-1.8823955e-02	1.4271744e-01	-6.4114071e-02	-2.7163517e-01	5.2407827e-02	-3.5531431e-02	-4.8816692e-02	1.0820702e-01	1.1930506e-01	-5.7159919e-02	-2.4007259e-02	-1.2333807e-01	1.2268569e-02	-4.4066045e-02	-2.8516013e-02	1.6916549e-02	6.8285964e-02	-1.4355631e-02	6.5272129e-03	-1.3840149e-01	-4.6867382e-02	3.5676369e-04	-8.9706294e-02	-4.8313752e-02	-6.1066289e-02	1.8836424e-02	-2.8877024e-02	7.1748264e-02	-3.2792673e-02	-5.3774010e-02	3.6254007e-02	-1.4779598e-02	2.2580709e-02	8.2015775e-02	1.2624383e-01	-1.6641708e-02	7.4167317e-03	-1.1693915e-02	4.6524011e-02	-5.7111368e-02	-1.4103459e-02	-1.4683808e-01	3.2463867e-02	-7.0048678e-03	-2.4786947e-02	-1.1491831e-01	-3.0036647e-02	6.9596224e-02	-1.0598071e-01	-3.0834509e-02	-4.4364654e-02	-9.5599681e-02	-1.8938653e-02	-3.8788874e-02	-4.6288956e-02	7.2458215e-02	5.2673429e-02	1.1954126e-02	-1.2617887e-02	1.6473874e-02	3.2200549e-02	5.7255577e-02	4.6443854e-02	8.7371111e-02	5.0139246e-03	4.2049538e-02	4.8990801e-02	-7.2460910e-03	5.4933995e-02	5.9495229e-02	5.3650048e-02	6.0408697e-02	1.0043163e-02	2.1742880e-02	-5.4694224e-02	2.9565089e-03	1.3660504e-02	-1.5086193e-01	4.6367731e-02	-4.1901141e-02	5.7297731e-03	-7.8711016e-03	-8.0602542e-03	4.2678978e-02	-4.9006168e-02	-1.7670991e-02	-1.3306026e-01	2.4823500e-02	-7.0176139e-02	-4.1984785e-02	-1.3134614e-01	1.6760388e-02	4.7246810e-02	-2.2121185e-02	-2.1292625e-02	-2.6513238e-02	5.3668782e-02	-1.7450668e-02	-3.7163641e-02	3.3826519e-02	6.3117564e-02	-6.1491895e-02	-1.7216936e-02	2.5189675e-02	1.9563790e-03	4.2266257e-02	1.2842689e-02	8.9485534e-02	9.3575254e-02	4.7375828e-02	-8.0357589e-02	-1.9387537e-01	7.3445186e-02	5.4561470e-02	-1.5498743e-02	6.3196383e-02	-1.8372256e-02	-3.4686044e-02	1.9112879e-02	3.3477761e-02	-2.1360526e-03	4.4651847e-02	6.5391235e-02	2.3021482e-02	-1.3201914e-03	1.7206473e-02	3.6077905e-02	-3.8809266e-02	9.1913706e-03	-3.5284139e-02	5.9411459e-02	2.3344925e-02	-1.0088329e-02	-7.3483892e-02	-1.2072371e-02	-1.6782584e-02	2.6555335e-02	4.5384809e-02	6.3606179e-03	-8.8185705e-03	3.0193307e-02	-6.9172561e-02	-8.6765118e-02	-5.2168188e-03	5.6915632e-03	6.2665656e-02	2.1290928e-02	-2.8177423e-02	6.9340818e-02	-1.0467875e-02	-1.9996993e-02	2.2317439e-02	5.6669075e-02	5.3845551e-02	-5.6823488e-02	9.3156053e-03	-6.2948786e-02	7.3623262e-02	-9.7613111e-03	-5.0245743e-02	6.4924672e-02	9.0259008e-02	-5.6031719e-02	6.9534689e-02	-1.0404613e-01	2.8864747e-02	-8.5214116e-02	-1.6702270e-03	-2.1297146e-02	-1.7797310e-02	3.1070963e-03	-2.0847768e-02	-7.7310450e-02	1.5839145e-02	1.9395864e-02	8.8158600e-02	5.8880687e-02	2.9447151e-02	-4.0327050e-02	-6.8870477e-02	-2.8402945e-02	-7.3702827e-02	-3.7890378e-02	8.2533814e-02	8.3083095e-04	1.8677926e-02	-4.5891628e-02	-7.1289882e-02	-7.9535455e-02	-1.3277325e-01	-3.0863062e-02	-6.5334432e-02	6.5182075e-02	-4.1505857e-03	2.4034085e-02	-3.8560826e-02	-3.8614724e-02	1.0457521e-02	1.1620625e-01	-5.9107482e-03	-1.4524432e-02	1.7618762e-02	1.1138958e-01	4.9020119e-02	1.9591623e-03	9.8225348e-02	7.0741318e-02	8.3366506e-02	6.5090872e-02	2.3192069e-01	1.3785005e-01	1.6551064e-01	1.0702740e-01	7.6223567e-02	-1.1098884e-02	6.4755730e-02	1.8459505e-01	-1.9600801e-01	5.5333082e-02	2.9505080e-01	-9.6910246e-02	-2.3137208e-02	8.6934060e-02	2.0313466e-01	3.2233492e-01	3.7326079e-02	-2.2707256e-02	-1.2519585e-01	-1.0580371e-01	-1.0530362e-01	4.8175141e-02	4.2153496e-02	1.9986007e-02	5.5779386e-02	4.6438474e-02	8.8130876e-02	5.9062145e-03	1.0317586e-01	-6.2258001e-02	1.1282309e-02	1.2961096e-01	1.0497692e-02	3.7554465e-03	-1.1614787e-02	-1.0284284e-01	-4.4803817e-02	-2.5233489e-02	-1.0379770e-01	-1.7551461e-01	-3.6076993e-02	-1.7661867e-01	-1.1224875e-01	-1.3722426e-01	-1.1006515e-01	-3.6696516e-02	4.2372867e-02	-1.7555790e-02	-3.8409982e-02	-2.9015873e-02	5.7160325e-02	-1.2394655e-02	-2.6615479e-03	-9.9658847e-02	9.9529356e-02	-5.5363961e-02	-4.7076229e-02	-2.5453985e-02	-9.0210997e-03	-1.1288487e-01	4.9317274e-02	-1.5352490e-02	1.6120458e-03	8.0531724e-03	6.7656480e-02	-2.9239019e-02	5.7056984e-03	-9.3283631e-02	-4.9705566e-03	-1.5169817e-01	-1.7954923e-02	-8.4854275e-02	7.6871775e-03	-1.7251911e-02	-7.7129975e-02	-3.3963956e-02	3.3229370e-02	-1.6181180e-02	-1.6731886e-03	9.4072983e-02	8.1199907e-02	6.2373936e-02	1.0764156e-01	-6.0055777e-02	-1.4118585e-02	4.7757741e-02	-6.0981805e-03	-1.2593295e-01	-1.1188950e-01	-2.3283785e-02	-2.3571655e-02	-8.1197642e-02	-1.5017265e-02	-3.0621519e-02	1.8233141e-02	-6.5132283e-02	1.1485394e-02	-3.3405855e-02	3.5092261e-02	-3.0488420e-02	2.1839753e-02	-2.1181080e-02	2.4928613e-02	-6.1251171e-02	-4.3854401e-02	3.1507459e-02	1.3804938e-02	-2.5874175e-02	9.7713023e-02	-1.0844063e-02	4.7612814e-03	5.3753266e-03	9.1381118e-02	-1.7228860e-02	1.4294800e-02	-2.6207916e-02	-4.9604788e-01	1.1466026e-01	-3.7483242e-01	-3.9652500e-02	-2.3170702e-01	9.8733202e-02	1.2130803e-01	-1.3010160e-02
-2.1966404e-01	-4.6648193e-02	1.2229680e-01	-1.0356271e-01	-2.1407214e-01	2.9285657e-01	2.1862578e-01	-5.9653634e-01	-2.1393277e-01	-4.7471065e-02	1.7388637e-01	-4.3165472e-01	2.0401008e-02	3.4251213e-02	-3.2567444e-01	-9.3893223e-02	-1.8648250e-01	-8.8091068e-02	2.0878077e-01	2.6544350e-01	-7.6149330e-02	1.1312067e-01	2.5835145e-01	-3.8376677e-01	4.5410532e-01	-4.2396191e-01	-3.0349821e-01	-1.3732864e-01	1.2785949e-01	4.1926935e-02	-4.5603821e-01	-1.2907593e-01	1.8106803e-01	1.3962479e-01	-3.5121247e-01	2.9148829e-01	2.2650340e-01	3.3337478e-02	2.2321713e-01	-2.5147331e-01	-2.0011532e-01	1.5843900e-01	1.2289882e-01	1.7326787e-01	1.4953222e-02	-1.6698483e-01	1.1164752e-01	2.9488060e-01	2.0431085e-01	-1.5454016e-02	-5.0489044e-01	3.5761943e-01	-1.7454201e-01	9.6071906e-02	-3.1558171e-01	4.9843240e-01	-3.2270018e-02	3.6725384e-01	-6.0501438e-02	-6.4047791e-02	1.4621920e-02	1.6978472e-01	1.0613456e-01	2.3351064e-02	8.6788639e-02	1.4743657e-01	9.4495125e-02	-3.2852117e-02	-2.5987431e-01	-3.8512915e-02	1.5455645e-01	1.4059235e-01	3.3403456e-01	-5.3281891e-01	-5.5510681e-02	-2.1310464e-01	-3.4170365e-01	-7.2410017e-02	-4.5560616e-01	-2.3113720e-01	3.0754113e-01	-3.0964074e-01	-1.5156336e-01	3.2787955e-01	-1.3656774e-01	-5.7348430e-02	2.5811818e-01	-4.4334778e-01	3.0135444e-01	2.9010984e-01	-1.0087152e-01	-2.4554770e-01	-1.1642747e-01	3.1009352e-01	2.9956940e-01	2.2181545e-01	-4.2846493e-02	-1.6315533e-01	2.5559807e-01	-3.2192281e-01	-8.5960753e-02	1.0298397e-01	-1.2261750e-01	2.9533041e-01	3.9707493e-02	3.4994918e-01	2.1814786e-01	2.7491474e-01	-3.0712336e-01	-2.4040169e-01	1.1725016e-02	-2.4203359e-01	-4.0256271e-01	2.9122350e-01	2.0431589e-01	-3.9149433e-02	-5.2852350e-01	-2.3928447e-01	-4.5270264e-02	2.4988768e-01	-9.9083170e-02	9.3596950e-02	-1.8267401e-02	1.5220748e-02	-2.0004293e-01	-3.3516899e-02	1.5465875e-01	2.6066998e-02	1.1397047e-01	8.0573395e-02	-5.1249903e-01	-2.7038503e-01	3.7588406e-01	-7.2018497e-02	2.3350184e-01	-3.8517851e-02	2.6040463e-02	3.9479065e-01	-1.6742566e-01	-1.1095262e-01	2.3386915e-01	-1.6717453e-01	-5.9561968e-02	-3.2084921e-01	-2.7312192e-01	-2.1838889e-01	-8.6550012e-02	-3.0899006e-01	-4.8420045e-01	3.6646503e-01	2.3950237e-01	-3.2886171e-01	-8.1360176e-02	-2.1975027e-01	-2.4457747e-01	-3.5886735e-01	2.5754660e-01	1.8971568e-02	7.8902096e-02	4.5943558e-02	1.7879413e-01	-1.9896258e-01	-2.0919757e-01	-4.0308721e-02	-2.2734162e-01	9.8200977e-02	2.8940028e-01	-3.5435539e-01	2.6728582e-01	6.8306185e-02	2.6417732e-01	1.2230477e-01	1.2878478e-01	-1.0784721e-01	-2.3190057e-01	1.2299578e-01	-3.0042061e-01	1.7230622e-01	-5.5021357e-02	-1.9947556e-01	-7.9497442e-02	2.0524730e-01	1.4750329e-01	6.9191419e-02	1.8941823e-01	-5.1552266e-02	2.4261853e-01	-2.1473762e-01	6.6986389e-02	-1.7237517e-01	-4.7471839e-01	6.2954262e-02	-4.9651254e-02	-1.9712065e-01	1.0406841e-01	-1.4425460e-01	2.1616761e-01	-2.3215821e-03	-3.1008440e-01	3.7668222e-01	-1.8280193e-01	1.7435369e-01	-8.2395464e-02	3.1565842e-01	-1.7146282e-01	-4.1912657e-01	-2.6478270e-01	-3.2291776e-01	-1.9370291e-01	2.5434202e-01	-1.8071242e-01	2.8566897e-01	1.6470318e-01	1.6169436e-01	7.4878216e-02	-1.4170451e-01	2.9514083e-01	-2.7977505e-01	-1.1229761e-01	-6.1550636e-02	1.3079742e-01	9.2588037e-02	-2.7588701e-01	1.1458381e-01	2.5131217e-01	3.1411332e-01	-2.4391477e-01	3.0430195e-01	-1.6933157e-01	-2.0595667e-01	-1.5570715e-01	-1.1104468e-01	-1.9946833e-01	-2.1268894e-01	2.9165718e-01	1.8803513e-01	2.4515408e-01	-2.1949971e-01	-3.0652037e-01	-3.6725092e-01	-1.0470683e-01	3.3273406e-02	1.2188059e-01	-2.4874446e-01	3.0863622e-01	-2.6360053e-01	-1.2952949e-01	-1.3766782e-01	8.0295816e-02	3.7652515e-02	1.8591504e-01	6.6728048e-02	1.9815460e-01	2.9416797e-01	1.9325843e-01	3.4634626e-01	-3.8782704e-01	-1.7818674e-02	-1.4985108e-01	2.1934505e-01	-8.8582404e-02	9.8921873e-02	-1.5601073e-01	-1.9824737e-01	-1.5461743e-01	-8.8766821e-02	3.0380175e-01	-1.6429532e-01	2.9020580e-02	1.3567136e-01	3.1089866e-01	3.0812800e-01	-1.3143273e-01	-2.1345651e-02	3.0653030e-01	-1.8309997e-01	1.5138608e-01	2.7830553e-01	1.9985497e-01	2.5741163e-01	2.0093736e-01	1.5631613e-01	-8.8132977e-02	2.6339370e-01	2.5591508e-01	-3.6458009e-01	1.6591199e-01	-1.1896071e-01	-1.1695907e-01	4.3105189e-02	2.2200974e-02	3.6254230e-01	1.9642303e-02	-4.9747625e-01	3.4656712e-01	-1.8322885e-03	-3.3728424e-02	-2.2059784e-03	3.0454025e-01	4.1629981e-02	1.2811795e-01	8.5677639e-02	-1.9098966e-01	-2.7295041e-01	3.0992163e-02	2.0736957e-01	-1.3735335e-01	1.5612891e-01	9.9019937e-02	-1.1766348e-01	2.1357180e-01	4.2116496e-01	1.2404840e-01	-2.9386878e-01	4.8658792e-02	-2.3359066e-01	-1.0775157e-01	3.1512970e-01	-1.0361719e-01	5.1955190e-02	-3.4031296e-01	3.1183958e-01	-1.4233719e-01	6.5243833e-02	-1.9887421e-01	1.0871702e-01	-1.2514128e-01	7.6156132e-02	-1.6740566e-01	2.2678144e-01	-4.3540630e-01	-2.4798757e-01	2.8553244e-01	-2.4811319e-01	5.3847212e-01	-1.0875487e-01	2.2386278e-01	-4.5558995e-01	-1.1301916e-01	-1.5314496e-01	-1.4546123e-01	2.3191224e-01	-3.1047872e-01	1.2277776e-01	-1.6929738e-01	3.0995190e-02	-2.9971072e-01	3.7727669e-01	2.6164353e-01	-1.4830610e-01	-3.2589087e-01	-4.2983465e-02	4.9267691e-01	-1.1327684e-01	-5.1816296e-02	-2.2255604e-01	-4.5708783e-02	-9.5397845e-02	2.8515037e-02	7.8975499e-02	4.7398895e-02	2.8367788e-02	-1.6917235e-01	-1.9396438e-01	-4.7162246e-02	-1.2438237e-01	1.1783512e-01	6.4191423e-02	2.0652494e-01	3.5160598e-01	-6.2777564e-02	-2.7342558e-01	-3.8508508e-02	2.5283179e-01	-4.1269672e-01	-3.9040621e-02	-1.6369392e-01	-3.9052710e-01	4.5021516e-01	-2.1967730e-01	9.5763905e-03	2.3826039e-01	-5.0387210e-01	-2.5978270e-01	-7.6865196e-02	-2.3569614e-01	1.8680391e-01	-3.6883506e-01	2.1941277e-01	-1.9471101e-02	3.0901647e-01	2.2595429e-01	2.6306289e-01	-4.5870606e-02	-3.3127293e-01	1.6525745e-01	4.0681690e-01	-4.3903303e-01	-1.3113986e-01	2.0086819e-01	-1.6796149e-01	3.3452713e-01	1.4822683e-01	1.5797314e-01	-7.4938774e-02	-1.5608199e-01	2.0905448e-01	-1.2328283e-01	-1.5575066e-01	-1.4430197e-01	2.4378307e-01	-3.0097403e-02	6.1322778e-02	-1.8794020e-01	-1.7823806e-02	-4.9355004e-02	-2.6361018e-01	5.3441510e-02	-1.3982175e-01	-2.0762694e-01	2.7806360e-01	-1.4377089e-01	-3.9535066e-01	3.5258463e-01	5.1866945e-02	4.2233923e-01	3.3623007e-01	-5.0693130e-01	3.7359023e-01	3.4681061e-01	-9.1531239e-02	2.1249421e-02	-2.5998342e-01	2.1912359e-01	1.0742317e-01	3.5421878e-01	1.4105646e-01	-3.7653863e-01	1.1956698e-01	3.1461969e-01	-4.9439427e-02	-5.6578600e-01	1.8477254e-01	1.9220974e-02	-3.1967270e-01	-3.5211451e-02	-1.9901769e-01	1.6324084e-01	3.1184652e-01	2.0641488e-01	1.6056710e-01	3.1200847e-01	-8.4045820e-02	-2.3711030e-01	-2.4029642e-01	3.3058858e-01	1.4267132e-01	2.8986040e-01	-3.1299365e-01	3.3904475e-01	-2.9710579e-01	1.4876058e-02	-1.4895581e-01	3.8085422e-01	-3.3514434e-01	-4.8707426e-02	1.8149339e-01	3.5175872e-01	-4.3179941e-01	-1.1994758e-01	1.5045524e-01	1.3476737e-01	-1.1102257e-01	2.3068693e-01	-3.3063099e-01	-2.4791856e-01	2.5397068e-01	1.1446624e-01	-3.3635435e-01	1.3171676e-01	-1.6655256e-01	2.5895327e-01	-1.7398301e-01	9.3570612e-02	1.6513456e-01	8.4283635e-02	3.8730001e-01	-1.0119072e-02	-6.6043966e-02	-1.3776813e-02	4.4727689e-01	-3.9580241e-01	-1.4939913e-01	-2.2980766e-01	-1.2641296e-01	1.8301487e-01	2.3361410e-01	-9.7220875e-03	-2.5212216e-01	1.0338663e-01	-1.2352132e-01	3.5303466e-02	-1.7987099e-02	-4.0986851e-02	-2.7431250e-01	7.5112343e-02	1.1913183e-01	5.1133001e-01	1.6737859e-01	-8.4924726e-03	1.9398035e-01	-1.5455800e-01	3.3525935e-01	4.5411390e-01	2.3880300e-01	-1.0123715e-01	2.3310532e-01	-4.2517644e-01	2.1500294e-01	2.4434723e-01	-2.5606254e-01	1.4867848e-01	8.4603228e-02	5.5767860e-02	1.5019123e-01	-1.6471777e-02	-2.4529563e-02	2.0157000e-01	4.0453706e-02	1.0185719e-01	-2.6058084e-01	-4.2083517e-01	-2.0599501e-01	-9.4175495e-02	-5.7023358e-01	-3.0168879e-03	3.8690889e-01	1.6533345e-01	1.3566907e-01	1.0097776e-01	2.3714420e-01	2.2902089e-01	-1.1020172e-01	-1.1220314e-01	-9.0731598e-02	2.4359849e-01	-3.8375327e-01	-7.8960739e-02	-1.9687042e-01	-2.3932616e-01	-1.8162766e-01	-5.6700003e-01	1.7395812e-01	-3.6624250e-01	4.1499805e-01	4.2692389e-02	2.0222908e-01	2.6383919e-01	2.1699847e-01	2.3927769e-02	-3.2388352e-02	1.8046321e-01	-9.3777597e-02	-2.6548070e-01	-2.9576337e-01	5.5135387e-01	9.9567227e-02	1.7404571e-01	-2.9912341e-01	-1.1701132e-01	-2.4678402e-01	4.2489967e-01	-1.7159836e-01	-1.7334272e-01	-6.2288716e-02	-3.1426853e-01
4.9874533e-02	6.7588843e-02	2.5829762e-01	-6.6535875e-02	2.9901671e-01	-2.6623952e-01	2.7828979e-01	2.4192575e-01	3.2402933e-01	1.2306824e-03	1.2095707e-01	2.6929843e-01	-1.2928523e-01	3.4355476e-01	-1.7879415e-01	-2.0498750e-01	3.9444238e-01	2.9593095e-01	2.0845851e-01	2.5827244e-01	-5.0448302e-02	1.4388542e-01	-9.6473992e-02	-3.1309247e-01	-3.0674013e-01	5.3519094e-01	2.7803717e-02	3.4865934e-01	4.1495395e-01	3.9227459e-01	6.6620414e-03	6.6464514e-02	-8.9239590e-02	-1.7536066e-01	1.4428945e-02	-1.3102421e-01	-2.8506762e-01	5.9196822e-02	1.8325435e-01	3.9522409e-01	5.7099193e-02	-6.8353340e-03	-1.0223241e-02	-5.0778848e-01	-3.6456611e-02	-2.6301837e-01	7.3956674e-01	-3.0042557e-02	2.1582283e-01	-4.5907190e-01	-5.7589066e-01	-1.1282038e-01	-1.6470803e-01	2.5003096e-01	2.9198647e-01	-4.0304956e-01	-6.3883990e-01	4.8730740e-01	2.6687375e-01	-2.3971991e-01	-3.9041302e-01	4.0272933e-01	-2.1838054e-01	-2.6097906e-01	2.2303884e-01	-1.8391714e-02	2.1463607e-01	1.2695752e-01	4.9568534e-02	2.0834683e-01	-1.9663587e-01	-2.9588261e-01	6.1298236e-03	3.3910269e-01	1.5390094e-01	3.8203591e-01	-4.7034276e-01	2.6900989e-01	3.6729866e-01	-5.5089736e-01	2.6331699e-01	-4.5767602e-01	-2.1112837e-01	-5.8731612e-02	-3.9886737e-01	4.9817228e-01	1.9194707e-01	-2.0409536e-01	2.5247261e-02	3.4515526e-02	-1.8255129e-01	3.5178775e-01	-2.8921861e-02	-2.3255092e-01	2.1348418e-01	-1.6881151e-01	-8.6107850e-02	-1.8730944e-01	-2.4932609e-01	-4.9661559e-01	1.9092458e-01	1.0773744e-02	5.8355514e-02	3.0609237e-02	2.7049977e-01	1.0334896e-01	8.9958765e-02	3.0264786e-01	-1.6764718e-01	-2.3852978e-02	-2.3370269e-01	1.9901651e-01	-2.8905636e-01	5.1542744e-02	-1.2841705e-02	2.2432735e-02	-2.8452814e-01	-9.5333859e-02	-5.2843194e-02	1.4277619e-01	-1.1347458e-01	-3.1714877e-01	5.7172943e-02	-2.6580557e-01	1.9321529e-02	-3.6030325e-01	-1.7338140e-01	-6.4978868e-02	-1.0631483e-01	8.8833377e-02	-9.3841083e-02	-3.3746594e-01	-1.1757401e-01	-2.6457688e-01	-1.3645351e-01	-1.7985368e-01	3.3630311e-01	-1.6449942e-01	1.4710072e-01	-1.5251741e-01	-4.1308403e-01	1.5542068e-01	3.2373041e-01	1.8454567e-01	-1.1005419e-01	1.2277690e-01	-1.0363019e-01	6.0618345e-02	4.1817582e-01	-2.3518904e-01	1.1281542e-01	-2.5269774e-01	2.6047879e-01	-2.0239510e-01	4.2277312e-01	-3.6326280e-01	4.4939443e-01	3.4574038e-01	-1.6945736e-01	-3.4246066e-01	-4.7128800e-02	3.2690990e-01	5.5269200e-01	5.9168581e-02	2.1641512e-01	3.5784611e-01	-4.2676210e-01	-5.8825929e-02	-1.6026945e-03	-2.6615784e-01	9.4620213e-02	5.8836371e-02	-1.7429188e-01	5.1865075e-03	-4.1532862e-01	5.9725652e-03	2.6815054e-01	2.6102942e-01	-3.1400623e-04	1.1577640e-01	-2.2258054e-01	-2.2134418e-02	-1.5430936e-01	6.8392493e-03	2.0204872e-01	-6.9269285e-02	-1.8566099e-01	1.4780366e-01	2.5331050e-01	5.3138686e-03	2.7739209e-01	-6.8125927e-01	1.1133131e-01	1.7929231e-01	2.8367120e-01	-1.1834173e-03	1.8181062e-01	2.2524557e-01	-2.1403147e-01	2.1946087e-01	3.4770259e-01	-8.5199669e-02	1.4451255e-01	3.3259276e-01	6.1219774e-02	-9.8157883e-02	1.2985744e-01	-7.0705637e-02	-1.1591496e-02	-2.7017573e-01	-1.4819913e-01	-2.6409926e-02	-3.4692156e-01	6.6079140e-02	3.5746214e-01	-2.7016991e-01	-1.5672518e-01	1.5283632e-01	3.4897718e-01	-2.1941343e-01	2.5999677e-01	3.2744843e-01	-4.0130559e-02	-7.3856868e-02	1.2187385e-01	-1.5786093e-01	1.7474167e-02	-3.5947771e-04	2.4823986e-01	3.6553207e-01	2.8711036e-01	-1.4656077e-02	1.1725327e-01	1.0408542e-01	1.1303351e-01	-1.9661257e-01	3.9904680e-02	3.4179446e-01	-1.4542513e-01	3.8901171e-01	-4.3509852e-02	-9.8780766e-02	-3.4321595e-02	-1.9378912e-01	-1.4020254e-01	3.2688069e-01	2.2953729e-01	-1.4281949e-01	2.3481832e-01	-9.8987363e-02	3.8954145e-01	4.5926657e-02	4.0487850e-01	-6.0939535e-02	-4.6790111e-01	-6.1566490e-01	3.2031709e-01	-2.2471710e-01	-1.4823513e-01	3.5282484e-01	-1.6777740e-01	-3.8542189e-02	-8.7029807e-02	-4.3930966e-01	1.8136373e-01	-3.1288552e-01	-4.7587436e-02	1.6232587e-01	-2.1868529e-02	-1.1255417e-02	1.4003737e-01	1.1129236e-01	-3.8201773e-01	-1.8745519e-01	1.1990578e-01	-1.5313457e-01	2.7331644e-01	-3.2314306e-01	-3.5145271e-01	9.2171803e-02	1.9544695e-01	-5.3970915e-01	2.2010852e-01	3.5657024e-01	3.8196063e-01	1.1712649e-01	1.4198284e-01	4.7099814e-02	-2.7209467e-01	1.1099215e-01	5.6073733e-02	8.8647299e-02	5.8771346e-02	4.4256428e-01	-4.2632663e-01	4.5517209e-01	-2.1259652e-01	1.6291538e-01	2.9086006e-01	9.3249753e-02	-1.6390701e-01	-8.5970066e-02	3.1066912e-01	7.5936131e-02	1.9877091e-01	-1.4222467e-01	-6.8276390e-02	-6.8714678e-01	-3.2110071e-01	-2.6499385e-01	8.4606642e-01	1.3512388e-01	-1.5920971e-01	-6.0590856e-02	-3.0543640e-01	8.0876900e-03	-1.7606770e-01	-3.6788175e-01	-2.9141143e-01	-9.1775984e-02	2.5747277e-02	-2.4589893e-01	2.8355214e-01	-1.0633166e-01	2.7300245e-01	-2.5752109e-01	-2.9976055e-01	-3.2032111e-01	-2.4727473e-01	4.3841727e-02	1.9220226e-01	-6.9442824e-02	1.1563990e-01	2.7843931e-01	2.3379366e-01	-7.1945228e-02	-3.4706429e-01	4.2962658e-01	9.9557132e-02	3.2230249e-01	-1.0702995e-01	2.3509617e-01	8.0556348e-02	1.3458541e-01	8.0427930e-02	-1.1304820e-01	-2.3075305e-01	3.0772178e-02	-6.1431702e-02	-3.9269003e-01	4.3050444e-01	7.9689234e-02	1.4328913e-01	1.6324599e-01	-6.3728929e-01	-3.5070240e-01	-4.4446117e-01	-2.9282299e-01	-1.9174774e-01	8.3181791e-02	-5.3960115e-01	-1.8834533e-01	-2.6919502e-01	-2.2631900e-01	-1.9980876e-01	-1.2240474e-03	4.1745609e-01	-1.0211341e-01	2.7538496e-01	-1.9762398e-01	2.8306532e-01	-2.5690794e-01	-1.3140059e-01	3.2459715e-01	-7.5909860e-02	3.6313543e-01	2.7712780e-01	1.8868223e-01	3.4211823e-01	6.4597897e-02	2.9469475e-01	-3.1408879e-01	-1.6936074e-01	5.0318187e-01	-3.7191820e-01	-1.6896753e-01	-1.1670908e-01	-2.9223433e-01	2.8582537e-01	-3.6315542e-02	4.8372582e-01	6.9232695e-02	3.2142571e-01	3.7503946e-01	1.2101584e-01	-1.6293222e-01	-1.3294481e-01	-6.6881150e-02	-6.5447110e-01	9.6331969e-02	3.0597946e-01	1.6450442e-01	-1.7943937e-01	-2.3322380e-01	1.3172790e-01	-7.4166276e-02	-3.1202635e-01	-2.8781051e-02	-2.1338901e-01	7.1728386e-02	1.0060313e-01	1.9483687e-01	5.3753221e-01	2.4037203e-01	4.4469017e-01	1.3472705e-01	1.3785122e-01	4.0814817e-01	-3.1463397e-01	-6.7335658e-02	-1.9425374e-01	2.5613463e-01	-7.0436612e-02	9.9306971e-02	6.4515680e-02	1.5685350e-01	1.9062530e-01	-1.8903126e-01	-7.2391167e-02	2.9391977e-01	-2.5097156e-01	-2.2907574e-02	-2.8751493e-01	-2.2878674e-01	-1.9633816e-01	9.8304890e-02	2.1464108e-01	3.1382665e-01	2.5472370e-01	2.2156283e-01	-2.6011032e-01	4.2628133e-01	3.0472797e-01	-8.8490315e-02	3.8937405e-01	-1.8454252e-01	-1.3840955e-01	2.0142217e-01	-2.4863234e-01	1.2441666e-01	-5.4868791e-02	3.8997162e-02	-7.5202554e-02	3.0270869e-01	-2.5717130e-02	-9.9517882e-02	-4.0338835e-01	3.3012962e-01	3.1022128e-01	-1.7897342e-01	7.5170112e-01	-1.3243139e-01	-3.3065706e-01	6.2216923e-02	3.4116435e-01	-1.2181127e-01	-4.0110391e-01	-1.0922822e-01	-1.5311417e-01	1.4360251e-01	2.6249984e-01	-7.6666407e-02	-4.1476477e-02	3.9357182e-02	3.3878601e-01	-1.6050786e-01	1.7308174e-01	1.3308455e-02	1.2353767e-01	-7.2081890e-03	-2.6259774e-01	-1.8194340e-01	2.0953088e-01	-3.5741964e-01	-8.8618368e-02	6.2730759e-02	2.5638708e-01	-1.3258779e-01	4.0457293e-02	1.4208819e-01	-1.1792041e-01	-8.8971362e-02	1.7325144e-02	4.7474986e-01	-5.4901296e-01	1.3390723e-01	-2.2108898e-01	1.7864738e-02	-2.1089743e-01	3.3883792e-01	6.1441794e-02	5.1698085e-02	2.2163649e-01	1.9594778e-01	1.2102308e-01	1.3688360e-01	4.4069380e-01	1.7508622e-01	4.0157072e-02	4.5408028e-01	1.6112970e-01	2.5277546e-01	3.0866194e-01	-2.3806107e-01	-1.3138178e-01	3.6526289e-02	-2.4076002e-02	1.0877520e-01	3.4132615e-01	-1.7020983e-01	3.4227884e-01	2.1360272e-01	-3.9975193e-01	2.3464014e-01	1.7899226e-01	-3.6091688e-01	7.0928924e-02	1.9584769e-01	2.7127600e-01	-2.4886318e-01	-3.4560349e-02	4.1923538e-02	-1.2051851e-01	-1.8067227e-01	-2.1221770e-01	-8.4928475e-02	2.3153067e-01	-3.4251836e-01	2.8918037e-01	2.8804663e-01	-1.0978203e-01	-2.8131735e-01	-4.2815271e-01	1.0304864e-01	2.6400536e-01	-4.9556202e-01	-1.4192416e-01	1.0212356e-01	-1.5734816e-01	-6.1469156e-02	2.3093021e-01	3.5058290e-01	-2.7094626e-01	1.9663918e-01	6.3210154e-01	1.5185438e-01	3.9843425e-01	2.0460594e-01	-1.5561688e-01	-1.2651887e-02	-1.9634078e-01	-9.2929967e-02	-7.0430815e-02	-5.1777707e-03	-4.4214234e-01	2.5548697e-01	8.7620422e-02	1.7077520e-02	3.6379215e-01	-9.1206938e-02	-2.9184839e-01	-2.3764963e-01	-1.1651371e-02	-2.4729761e-01	7.1775758e-01	-3.6026749e-01
2.8659096e-01	-7.9284206e-02	2.7847925e-01	5.2017045e-01	7.0829019e-02	2.1355464e-01	2.4233777e-03	2.5952405e-01	3.0394891e-01	-1.6689424e-01	3.7827334e-01	1.1216376e-02	2.7638477e-01	5.8742765e-02	2.8013921e-01	-4.1285980e-01	-3.6967272e-01	1.3245371e-01	-2.8747305e-01	1.0630958e-01	2.5662720e-01	2.5333216e-02	-2.7282304e-01	3.8220155e-01	1.9073173e-01	-1.4698555e-01	-3.0175740e-02	-2.2593413e-01	7.4246228e-02	-1.3541295e-02	-2.2009697e-02	-3.4464839e-01	-9.4575062e-02	3.3736482e-02	-4.1335654e-01	6.0493010e-01	1.3216977e-01	1.1254742e-01	-7.8085971e-01	3.9650694e-01	2.8501338e-01	1.8987249e-01	2.7831605e-01	-2.8918311e-01	4.1710854e-02	-2.8919768e-01	4.3210292e-01	-2.8881124e-01	-2.6879972e-01	-2.2287622e-01	3.7042759e-02	-3.5525331e-01	-8.8809654e-02	-2.8447732e-01	-3.0817743e-02	2.6416841e-03	-4.7310290e-01	2.6339316e-01	-5.2403533e-01	-2.0312409e-01	3.9286855e-01	1.6312581e-01	-1.2598377e-01	1.7480940e-01	-1.3874698e-01	-8.5658714e-02	9.4478555e-02	6.7935646e-02	1.3763160e-01	8.6705543e-02	3.4808293e-02	1.8942641e-02	2.1109076e-01	-9.8065659e-02	4.3617129e-02	-9.8133057e-02	-2.2904813e-01	8.1775039e-02	-1.7672618e-01	6.2037464e-02	5.5960130e-02	-1.9067086e-01	2.9390901e-01	-2.4580798e-01	-4.3800987e-02	2.2874495e-01	-7.6038182e-01	-3.6236471e-01	-8.5857995e-02	1.7679973e-01	-2.2228356e-01	4.9160513e-01	-2.3339371e-01	-3.0511725e-01	-2.3207998e-01	-5.2999514e-01	3.7838194e-01	-1.1022446e-04	-1.1566307e-01	-4.9420932e-01	-3.1157836e-01	-2.7452692e-01	6.5665074e-02	2.0651231e-02	9.4521642e-02	-2.8005910e-01	1.0838453e-01	-2.8879276e-01	1.1111224e-01	-1.8243429e-01	-2.6620793e-01	1.5747318e-01	1.4085594e-01	1.1691198e-01	1.7855917e-01	-6.4258636e-03	-1.2518941e-01	3.4527436e-01	7.7772550e-02	-3.3641022e-01	3.2242619e-02	-1.1605821e+00	4.2803742e-02	-7.0043600e-01	-4.6973568e-01	2.0995367e-01	2.3568671e-02	-8.5654683e-02	2.9950380e-01	-1.6877188e-01	3.5002157e-01	-2.3412393e-01	-1.8208268e-03	2.8868833e-01	-1.0900668e+00	4.4540059e-02	9.6617997e-02	-6.5676257e-02	3.0271578e-01	1.2091515e-01	-3.1167108e-01	-3.8381270e-01	-6.0310192e-02	-6.0724711e-01	-9.2332490e-02	1.3174354e-01	1.6058460e-01	-6.1988935e-02	-5.0722629e-01	3.6922860e-01	3.1511721e-01	-1.6246738e-02	-3.3695632e-01	3.2366070e-01	1.6011715e-01	8.5171703e-03	-8.0554140e-01	-7.4802333e-01	-2.7661067e-01	2.2897568e-01	-1.7694354e-01	-8.4869608e-02	3.4916946e-01	4.4952282e-01	-1.5370452e-01	-2.1749321e-01	-1.2095741e-01	-8.7126410e-01	-1.6919842e-01	2.0018741e-01	1.0582974e-01	6.5099455e-02	5.1116343e-03	4.4563127e-01	-5.7095878e-02	-1.4169034e-01	-1.8552610e-01	-4.1419238e-01	3.9614186e-02	-2.4776290e-01	3.4381735e-01	2.2533643e-01	1.4932816e-01	8.5695103e-02	4.6386972e-01	-2.8008848e-01	-3.1342247e-01	2.5990477e-01	-2.0955168e-01	2.9974699e-01	-7.2421677e-02	-1.9297380e-02	3.1828570e-01	-9.6788600e-02	6.3987479e-02	-2.6212180e-01	-8.3098538e-02	-4.3189305e-01	-3.6680543e-01	-3.1142595e-01	-1.4966333e-01	-2.3869437e-01	3.8584980e-01	3.5549566e-02	-2.1997714e-01	-1.4415386e-01	-2.0525937e-01	7.5296909e-02	1.6565810e-01	-1.3322636e-01	7.7499136e-02	8.1686005e-02	5.0075817e-01	3.3145663e-01	1.7456682e-01	-9.6543163e-02	1.6705681e-01	-2.7063969e-01	1.8903755e-01	-5.2620524e-01	3.3281367e-02	3.5427108e-01	6.7997113e-02	4.0045965e-02	-1.3609687e-02	2.4195267e-01	3.1908929e-01	1.2598212e-01	-1.5621816e-01	-3.1958658e-01	-7.7329487e-01	-1.3763921e-01	-3.2221291e-02	2.6929715e-01	1.4952841e-01	2.2747889e-02	-1.5377964e-01	-1.8080385e-01	1.5544096e-01	-4.0107945e-01	6.4638746e-03	-3.0635470e-01	3.1164119e-01	6.5479822e-02	-7.0852637e-02	-7.9184033e-02	3.5077357e-01	-7.3090151e-02	5.6301984e-03	2.0491298e-01	3.4003386e-01	-3.7380987e-01	-2.0283226e-02	1.5746888e-02	-2.9658484e-01	-2.0871484e-01	-2.0122635e-01	-9.3547404e-03	-3.0980404e-03	3.6424464e-01	-7.8687118e-03	8.1142597e-02	2.8918344e-01	-3.3290863e-01	1.8661548e-01	-2.8579637e-01	3.9387652e-01	-2.0426315e-01	1.7909871e-01	1.9837394e-02	2.8288379e-01	2.4470963e-01	6.6255882e-02	3.0193254e-01	-1.4215708e-01	-2.8187883e-01	-9.0531230e-02	-1.5342461e-01	-3.6940163e-01	-3.0409765e-01	2.6584607e-01	1.8299972e-01	-2.0953896e-03	-3.1623483e-02	-1.7149372e-02	1.4129217e-01	-2.3507667e-01	-1.1944783e-01	-4.7017053e-02	1.1267857e-01	9.7759850e-02	2.9466358e-01	1.1222561e-01	-7.1272269e-02	2.4828579e-01	3.1176624e-01	-2.0656621e-02	3.4214002e-01	-1.7309897e-01	-3.1642702e-01	-1.6940947e-01	5.5677447e-02	2.6464537e-01	-4.2481783e-01	3.1331837e-02	1.6817885e-02	4.0222913e-01	1.1065045e-01	5.3186383e-02	-7.4184053e-02	-4.8467878e-02	-1.5358132e-01	-6.4977415e-02	3.6742902e-01	-2.8833863e-01	4.5979628e-01	3.6131915e-02	4.1141310e-01	-5.7572898e-02	1.5472834e-01	3.5116225e-01	-2.8852060e-01	1.9398329e-01	1.3029672e-01	3.5231349e-01	7.0037171e-02	9.6927397e-02	-1.5666325e-02	-9.4369851e-02	-3.1707129e-01	5.3622205e-02	-4.5050934e-01	-3.5905227e-02	2.5956967e-01	5.0932117e-02	6.8691367e-01	-2.4271107e-01	-1.6464153e-01	2.2201639e-01	-1.7183785e-01	1.2717070e-01	2.9649597e-01	2.1934502e-01	5.0270878e-02	1.3488320e-01	-8.9273967e-02	2.1901390e-02	1.7109428e-01	-4.4191143e-01	2.4733150e-01	-4.3236524e-01	-7.4897416e-02	2.2685857e-01	-6.5158963e-02	-1.0888252e-01	2.2230642e-01	8.2025252e-02	-5.3306031e-01	2.8945121e-01	1.6736698e-01	9.3442343e-02	-6.1614424e-01	9.4222404e-02	-4.9868390e-01	2.8148448e-01	-4.4508588e-01	-3.1465101e-01	7.2058532e-03	-7.6493159e-02	1.8217012e-01	-5.7903814e-01	-2.2370513e-01	-2.0436639e-01	1.5992029e-01	5.7623279e-01	1.8594308e-03	1.4569032e-01	2.8823295e-01	-2.8653139e-01	2.0832232e-01	8.7116659e-02	-3.7957093e-01	-1.4244296e-01	-6.0888126e-02	3.0640551e-01	-5.3470343e-01	-6.6712774e-02	3.5828629e-01	3.8467321e-01	1.8809541e-01	-3.3022353e-01	1.3572104e-02	6.8228446e-02	-5.0061949e-02	3.1328374e-01	2.4823049e-01	-3.7975815e-01	-2.1956269e-01	1.8718207e-02	-2.6360238e-01	-3.2326999e-01	-4.8232503e-02	-3.6209328e-03	-1.4110772e-01	-9.8718435e-02	3.4873936e-01	2.9925674e-02	-1.6465984e-01	2.9236868e-01	1.7198479e-02	-2.1025074e-01	3.8996160e-03	-2.0943919e-01	6.1133217e-02	-7.0418388e-02	4.5252183e-01	1.1191229e-01	8.6890250e-02	1.4649345e-02	1.6792384e-01	3.5790551e-02	7.1889065e-02	-1.1241316e-03	-2.1093993e-01	1.0917617e-01	2.2951432e-02	-9.1753446e-02	-3.1071308e-01	2.9077789e-01	-4.1930249e-01	2.2314276e-01	-1.1458964e-01	1.2521361e-01	-1.9966833e-01	-1.5712507e-02	2.1213314e-01	-3.6541945e-01	-2.8354359e-01	2.0832557e-02	-1.6258059e-01	-1.5556343e-01	1.2144124e-01	3.3491854e-02	2.2940339e-01	2.9892173e-01	-3.6590433e-01	2.2608948e-01	3.3043873e-01	-2.0754260e-01	2.6430732e-01	3.1382865e-01	-8.8800147e-02	-1.7054645e-02	1.7448811e-02	4.0461998e-02	4.1697852e-02	-7.2087072e-02	3.4139183e-01	-2.9151112e-02	2.4173386e-01	-1.8361543e-01	-1.7788568e-01	-3.2157594e-01	3.3778605e-01	3.3973935e-01	-1.0199178e-01	-3.3578569e-01	-3.5623911e-01	3.6164817e-01	2.1002544e-01	7.5384337e-01	-4.0038875e-01	-1.5521641e-01	2.2945948e-01	-3.0978635e-01	3.0380327e-01	1.2067093e-01	-7.5266920e-02	-3.0913925e-01	1.2810748e+00	-9.0934947e-02	-3.1189811e-01	-2.4004667e-01	-2.6864350e-01	3.0773297e-01	5.9838843e-02	-1.2136889e-01	-1.2771492e-01	2.6717252e-01	1.8429273e-01	6.6373781e-03	1.3300283e-01	-5.4341060e-01	2.1703711e-01	-9.5074284e-01	7.0083596e-02	3.4461784e-01	3.3445987e-01	2.1888694e-01	-3.3647060e-01	3.7950414e-01	-2.5511661e-01	8.6290032e-02	-7.3978239e-01	1.8828809e-01	1.8294604e-01	-2.0842487e-01	-6.2533990e-03	-3.8971122e-02	5.8922958e-01	-2.8760743e-01	1.6856652e-01	-2.2832667e-02	-3.0644313e-01	-2.0669822e-01	-2.8157273e-02	3.1733793e-01	-9.2459135e-02	5.1068324e-01	3.0330288e-01	1.3627723e-01	-1.2684867e-01	-6.0045194e-02	-1.5930931e-01	3.5355344e-01	9.2691332e-02	1.5513805e-01	4.0113747e-01	5.6496900e-02	-2.9415423e-02	4.7236601e-01	-2.4841124e-01	-3.5598093e-01	-2.6316601e-01	-1.1786343e-01	-1.7121091e-01	3.2419899e-01	9.5427781e-02	-3.4488134e-02	5.5894893e-01	-2.9322618e-01	5.9938267e-02	2.5221226e-01	-1.9963342e-01	-4.4269571e-01	-7.6046489e-02	6.2264439e-02	2.6329020e-01	5.5033118e-02	-1.4925820e-01	1.6018373e-01	-1.9244929e-01	-2.4128917e-01	6.4204931e-02	2.9937160e-01	-1.4020744e-01	-1.8101847e-01	1.8603791e-02	-2.3844874e-01	-3.1995782e-01	-1.2136652e-01	1.0058807e-01	3.9439045e-02	3.1079665e-01	-9.2963919e-02	-6.2890209e-02	1.4640144e-01	-5.2076930e-01	2.7345326e-02	-2.0602767e-01	-3.2472461e-01	1.6069733e-01	-4.1798177e-01	2.0340022e-01	2.1313615e-01	3.3395353e-01
-4.9552709e-01	-8.9828610e-02	6.2855929e-02	-1.4339456e-01	-2.2040682e-01	-2.2544327e-01	2.3551654e-02	1.0165623e-01	-2.7797374e-01	-2.3886110e-01	-7.4557267e-02	-3.2005775e-01	-8.9638032e-02	1.6118616e-01	2.5965998e-01	-2.1480903e-01	4.2411506e-02	-2.9364622e-01	-1.0080122e-01	-2.1470347e-01	1.9096164e-01	2.1213949e-01	-1.4588253e-01	-8.5035309e-02	2.8318381e-01	-7.5381026e-02	2.8004339e-02	1.4940521e-01	-2.5271121e-01	3.5783479e-01	1.7165244e-01	2.8978822e-01	7.2052263e-02	2.6187176e-01	-2.5667891e-01	8.0496274e-02	-2.6319416e-03	-3.8399425e-01	-2.9506302e-01	-1.5221758e-01	1.5662232e-01	-7.3000006e-02	3.1539854e-01	-9.3866777e-01	-2.6521638e-01	-1.3996512e-01	-1.0361093e-01	-3.2505947e-01	1.0037710e-01	4.7267638e-02	2.0645478e-01	-2.3248825e-02	-1.0218254e-01	-2.0189701e-01	2.8151849e-01	2.1703769e-01	1.5536840e-01	-1.7244247e-01	9.3738191e-02	-1.3159032e-01	-3.0249527e-01	4.3066752e-01	-7.5038150e-02	-3.2792628e-01	-3.4753487e-01	-3.6772788e-01	-1.3069767e-01	-4.4084078e-01	-2.6187608e-01	-3.3358467e-01	-1.4940433e-01	3.9107862e-01	2.5301725e-01	-6.8366840e-02	1.0965271e-01	1.9708237e-01	-1.2109152e-01	3.6769053e-01	-1.0904371e-01	-1.4124839e-01	3.6730212e-01	-1.7590104e-01	-2.6672286e-01	-1.0303856e-01	-4.9472088e-01	6.8110642e-03	4.0965238e-01	-3.5897827e-01	2.3841470e-01	1.6521680e-01	1.0654798e-01	-1.9184352e-01	7.6465040e-02	1.1628722e-01	2.4166869e-01	-5.2299994e-01	-1.4701435e-01	-3.5885510e-01	-4.9281853e-01	-1.5596050e-01	-1.9318813e-01	2.2264079e-03	2.5504774e-01	1.0374533e-01	-4.4257656e-01	1.1137354e-01	2.7279085e-01	-6.2183622e-02	-2.2521678e-01	1.9078681e-01	3.3668354e-01	-3.6567613e-01	-1.7449796e-01	1.0404827e-01	-8.1859760e-02	1.4058621e-02	2.4342413e-01	-7.5691842e-02	-2.5155342e-01	-5.0518583e-03	3.4245551e-01	-3.4002045e-01	-1.6398172e-01	-4.1242740e-01	7.8462794e-02	-6.1704087e-01	-4.8465070e-01	-3.0491427e-01	1.9561203e-01	-6.4014241e-02	-1.5673265e-01	1.6412169e-01	3.7971497e-01	-2.0364332e-03	2.3667972e-01	2.9860920e-01	3.5127735e-01	1.8180822e-01	-2.2892185e-01	4.7488275e-01	-2.8225967e-01	-5.1842391e-01	-7.1090102e-02	-4.6301532e-01	1.2330291e-01	-2.4495415e-01	-1.0461129e-01	-1.8610373e-01	-3.9878208e-02	2.8926784e-01	-2.5325221e-01	-1.7414753e-01	7.5899154e-02	3.6125329e-01	-1.9134013e-02	-2.9883340e-01	3.7734434e-01	-7.9328120e-03	4.3816057e-01	3.0332544e-01	3.1601438e-01	9.7937606e-02	-2.3297484e-01	4.1627234e-01	1.5036879e-01	-8.7880842e-02	7.9181708e-02	-1.8631181e-01	-3.9883658e-02	-1.1465869e-01	-1.1299983e-01	-5.9165907e-01	-1.7543848e-01	-4.9447161e-01	-4.6742347e-01	-6.8582162e-02	-2.5040731e-01	1.9899021e-01	2.0624104e-01	6.6163793e-02	2.2172783e-01	3.4617424e-01	-1.2285892e-01	5.2882850e-01	3.3996823e-01	2.8998369e-01	-1.4901459e-01	1.9516705e-01	-5.6653446e-01	-3.7653756e-01	-5.1179814e-01	4.6342574e-03	-1.6010171e-01	-1.6392712e-01	1.4766420e-01	-6.0496110e-01	2.2480261e-01	-2.9591486e-01	-4.0984973e-01	-4.3670484e-01	-4.3273889e-02	8.7308261e-04	6.2210042e-02	-2.6489523e-01	-3.6652979e-01	4.5193478e-01	3.9073908e-01	-3.4237242e-01	2.4916147e-01	2.3770732e-01	-2.3674540e-01	1.7761175e-01	-1.9590644e-02	2.6598251e-01	-6.4994961e-01	-2.1899204e-01	-4.2333135e-01	-3.1622973e-01	-8.7353379e-02	1.3398978e-01	3.5938728e-01	2.0491512e-02	1.4967714e-01	-1.8450259e-01	-4.5196578e-02	2.8951579e-01	-3.4063756e-02	2.8399733e-01	-2.5373140e-01	-3.0804282e-01	6.6337794e-02	-2.2813487e-01	-1.0960478e-01	-1.5670736e-01	2.8382221e-01	-8.4275264e-01	-1.7311631e-02	1.0917799e-01	8.4394522e-02	3.4724981e-01	4.5789176e-01	-1.7374462e-01	-2.9287431e-01	-2.7412143e-01	-3.6549646e-01	-1.8951833e-02	5.9630718e-02	1.2479521e-01	4.0328022e-02	-3.3525285e-01	1.0030198e-02	-2.9515609e-01	-4.0020093e-02	6.0265321e-01	-5.7577366e-01	4.5012053e-02	3.8553205e-01	3.2923213e-01	1.4754017e-01	1.2430507e+00	-2.9919984e-02	3.3882910e-01	3.1372833e-01	3.1394145e-01	2.2653198e-01	2.0884284e-01	-4.8593245e-02	-1.3655348e-01	-3.2336825e-01	2.5021833e-01	4.0431562e-01	-1.8845394e-02	-5.3620692e-02	-2.1075153e-01	-2.1452643e-02	6.8967178e-02	3.0220151e-01	-3.0724177e-01	-7.5778864e-02	-2.9883382e-01	-2.9563490e-01	3.3758077e-01	1.9114751e-01	1.0809825e-02	1.7716609e-01	-1.3181296e-01	4.1996622e-01	3.1205258e-01	4.7979698e-01	-2.6271734e-01	3.7075493e-01	4.3831736e-01	-1.9235905e-02	3.5974085e-01	1.7368264e-01	-6.4452671e-02	2.4936864e-02	-4.3383712e-01	-1.6509938e-01	-2.1527334e-01	3.4448984e-01	1.4537920e-01	-3.7299526e-01	3.7552197e-02	-1.8151277e-01	-1.8944472e-01	6.6145368e-02	6.5654707e-01	2.4423228e-01	3.5945117e-01	1.6845207e-01	3.1712365e-01	3.8805929e-01	-2.9247215e-01	-2.6884076e-01	-2.4728946e-01	-2.5525108e-01	-5.3000355e-01	-5.7849777e-01	6.1056137e-02	-1.0205824e-02	-2.4381073e-01	-2.0856772e-01	3.8069087e-01	1.7228684e-01	5.0441980e-01	2.0647706e-01	4.8381817e-01	4.5576763e-01	8.4049791e-02	3.0049214e-01	4.9533617e-02	-3.5547662e-01	-5.1073447e-02	-3.1541574e-01	-4.1077954e-01	2.8302073e-01	-9.1223866e-02	2.2228053e-01	-5.0408256e-01	-2.3889260e-01	-6.1841983e-01	-2.4986666e-01	3.3508729e-02	-7.4945283e-01	-1.1388360e-01	1.4298268e-01	2.4223533e-01	-9.2715174e-02	4.2714128e-01	4.4505370e-01	3.4010544e-01	-2.3253196e-01	2.7456546e-01	-1.2424196e-01	6.0919452e-01	-9.1454245e-02	-6.5616846e-01	3.8359293e-01	-7.3153444e-02	-2.2060430e-01	-9.3020417e-02	1.4682427e-01	2.7870950e-01	2.8808466e-01	2.5269893e-01	3.6740001e-02	4.8968926e-01	1.9305384e-01	6.2459372e-02	1.8806936e-01	7.9943024e-02	-1.4101663e-01	-1.6367155e-01	4.1180860e-02	-1.9838145e-01	-6.6384017e-01	-2.1239418e-01	1.5626681e-01	-7.0642579e-01	-3.2410875e-01	-3.4232360e-01	-2.6086247e-01	1.4484848e-01	-2.7250326e-01	-2.8843826e-01	-1.4873160e-01	1.7255220e-01	-1.3780595e-01	6.7394383e-02	1.7578754e-01	2.4508166e-01	4.0147039e-01	3.3407852e-01	3.2436275e-01	-5.0163545e-02	-3.6672778e-02	-3.3000633e-02	-4.2173943e-01	1.3719001e-01	-2.8784946e-01	3.5332352e-01	-6.5129392e-02	-8.3019423e-01	1.5238692e-01	2.1244800e-01	2.7400711e-01	1.4414907e-02	-2.3625486e-01	9.2095882e-02	-4.4100618e-01	2.0904340e-01	3.2622012e-01	-2.2179009e-01	-3.3332545e-01	3.8694921e-01	-8.2487553e-02	2.5790563e-01	3.0439013e-01	2.3196426e-01	-1.1762218e-01	6.2722854e-02	-1.3527715e-01	8.2236588e-02	2.0812438e-01	-1.2349343e-01	-1.7143652e-01	-9.9739039e-01	1.9700223e-01	1.9470300e-01	1.2648404e-01	3.7829337e-01	3.6562875e-01	-3.6315855e-02	1.9349112e-01	-1.7429318e-01	2.9996943e-01	-6.4160872e-01	-4.2372435e-01	-1.1550242e-01	-5.8925316e-02	-1.0702854e-01	2.4704526e-01	-2.9751697e-01	-3.5315469e-01	2.6864666e-01	2.8278875e-01	1.5562382e-01	1.7106307e-01	7.8830183e-02	-4.1714880e-01	4.1204071e-01	7.1151786e-02	-3.0144829e-01	1.0993847e-01	-2.3396949e-01	3.7908856e-02	-2.5395221e-01	-2.4900249e-01	-3.6239159e-01	-1.6267903e-01	-4.8286855e-02	1.5965666e-01	-1.3083386e-01	-3.1611621e-01	1.1695535e-01	1.4623263e-01	-1.7098247e-01	2.6003769e-01	-1.2112470e-02	-2.0343280e-01	2.9414126e-01	-6.3516833e-02	2.1930452e-01	3.4278911e-01	3.3367714e-01	-1.4240459e-01	6.1074514e-02	1.2595922e-01	-3.1002039e-01	-2.6640695e-01	-1.2567443e-01	2.6188627e-01	1.2279622e-02	-8.0990538e-02	-1.5244795e-01	-1.5635937e-02	7.0737954e-04	-4.0465644e-01	-3.5910994e-01	6.0375907e-02	-1.7084868e-01	-2.3148587e-01	3.0396372e-01	7.1665786e-02	-1.8296169e-01	-4.4225800e-01	2.2289999e-01	-1.7102902e-01	5.7448242e-02	2.2293277e-01	4.4442180e-01	-3.2605264e-01	-3.4519383e-01	1.0555378e-01	-1.1565600e-01	3.1362674e-01	-3.6137390e-01	8.6639859e-02	-1.8605715e-01	-3.4915653e-01	-6.3893801e-01	-3.3603755e-01	1.6179256e-01	3.4068313e-01	-3.1125972e-01	-1.8931702e-01	3.5388809e-01	-3.9113659e-02	5.5187505e-01	2.7247453e-01	3.1683549e-01	-1.4081569e-01	5.9272379e-01	-3.1307596e-01	9.8054111e-02	-3.2678765e-01	-4.1864416e-01	2.4753004e-01	5.0252754e-02	3.2250259e-02	-2.0907694e-01	3.5444659e-01	1.6942951e-01	3.2840213e-01	2.6008102e-01	3.7274542e-01	-6.7471288e-02	-1.6088995e-01	3.4644428e-01	2.3970178e-01	-3.2784734e-02	6.9202095e-02	-3.6827824e-01	-1.3977818e-01	-1.2404206e-01	-1.9775951e-01	-3.0126294e-01	-1.2416822e-01	-2.6444897e-01	-3.1452504e-01	-1.6047744e-01	-8.3152175e-02	-2.0082948e-01	-3.5937030e-02	6.5539122e-02	4.1517702e-01	4.2564234e-01	-2.4124926e-01	9.0884745e-02	1.2095834e-02	-1.6423132e-01	1.0154861e-02	3.7683392e-01	-3.3137324e-01	-4.2669904e-01	-1.3667290e-01	-2.2287698e-01	-3.8162988e-01	2.4935675e-01	-1.5583582e-01	-1.0500464e+00	2.7927947e-01	1.4228214e-01	-1.9546112e-02	1.0884530e-01
3.7261128e-01	-2.5099915e-01	-8.9144617e-02	8.2384235e-01	6.7091328e-01	8.0092078e-01	4.7699273e-01	8.2642287e-01	5.4113024e-01	-1.9560769e-01	-1.0382411e+00	4.8626477e-01	-7.8519046e-01	6.1014181e-01	6.4209956e-01	-6.2983537e-01	-4.7550127e-01	-1.0672880e-01	6.5651363e-01	2.2157919e-01	2.0769390e-01	4.5985922e-01	-1.1937844e-01	-6.0831624e-01
