7
input	107
dense	16
leakyrelu	0.10000000149011612
dense	16
leakyrelu	0.10000000149011612
dense	1
sigmoid	0
1.4780885067011695e-05
-8.8761187e-01	4.1568559e-01	-7.1332830e-01	5.6547195e-01	6.1921203e-01	1.7378746e-01	-7.1664363e-01	-6.2956983e-01	-6.6793597e-01	2.0487870e-01	-2.7422684e-01	6.3074648e-01	-8.6763269e-01	-7.6877236e-01	-4.0671915e-01	6.6724271e-01
2.8459519e-01	-5.7506233e-01	5.2306432e-01	-2.9692265e-01	-5.0868206e-02	-4.7095090e-01	2.4272460e-01	-5.1315409e-01	2.9221711e-01	-7.2025687e-01	2.4637920e-01	-2.8017627e-02	1.3609892e-01	-8.0051608e-02	-4.3832573e-01	2.0247424e-01
8.7289415e-02
-2.1826056e-01	-1.7143524e-01	-8.2423814e-02	-1.1047857e-01	-4.5169991e-02	-5.0597258e-02	-8.0118999e-02	1.3364611e-02	-6.8507612e-02	-1.1280105e-01	-1.3214317e-01	-1.6578732e-01	-5.6052227e-02	1.4055465e-02	-8.1286944e-02	-5.0707523e-02	-4.0376566e-02	-2.3814388e-02	-2.1202713e-01	-2.0031016e-02	1.3891885e-02	-4.9853776e-02	-2.7878787e-02	4.5148212e-02	-4.7940217e-02	-1.0121681e-01	-6.3617617e-02	-1.4457913e-01	-2.1888973e-01	-3.2079834e-01	-2.5794598e-01	-5.0387062e-02	-3.5521567e-02	6.4527370e-02	2.4292115e-02	-7.2380252e-02	-5.0227985e-02	-8.9687295e-02	-4.2692974e-02	9.9990278e-02	7.0539996e-02	-7.0702113e-02	-1.2448586e-01	-1.2346729e-02	8.2378976e-02	5.4399166e-02	2.6942307e-02	-1.0831352e-02	1.3411230e-02	6.8160526e-02	9.6344359e-02	1.5933774e-01	8.6193874e-02	6.5943375e-02	1.2441240e-01	-2.2759067e-02	3.0742973e-02	-3.6789320e-02	-4.6885438e-02	-3.5305221e-02	-1.0924647e-01	-1.5517777e-01	-7.3408403e-02	2.0061379e-02	-9.3651913e-02	-8.4750943e-02	-2.7686857e-02	-1.8468926e-02	-5.3409159e-02	-1.3398818e-02	1.2936626e-01	5.1515054e-02	1.1236805e-01	-2.6021146e-03	1.0938526e-01	-1.4762519e-01	2.2362139e-02	-1.6090740e-02	3.5611424e-03	-8.5154362e-02	-6.6739261e-02	-3.6848400e-02	-6.3382901e-02	-9.8648973e-02	7.8664206e-02	-7.2581574e-02	-5.9249699e-02	6.0682416e-02	-5.1378448e-02	3.9074868e-02	3.2165341e-02	5.6864284e-02	-1.8634316e-02	-1.7750105e-02	3.7087973e-02	4.4272199e-02	4.2446069e-02	-2.5870867e-02	-1.2186958e-02	-2.0852229e-01	-1.2592156e-01	6.3660167e-02	-2.6296073e-01	-1.5199709e-01	9.7932597e-04	5.2075905e-01	-2.3944233e-01	1.0540325e-01	-8.1441067e-02	-1.3937275e-01	-1.0022803e-01	-2.9104534e-01	-3.5698301e-01	-1.3720877e-01	1.9441977e-02	-5.8999267e-05	1.0018412e-01	1.0482765e-01	1.0555514e-01	8.0797277e-02	-6.4853579e-02	-1.2155822e-01	-5.9998248e-02	-1.2700008e-02	7.6152526e-02	9.6443661e-02	6.0453285e-02	-1.3889249e-02	-2.1389864e-02	-6.7523524e-02	-8.3356693e-02	1.0678295e-01	3.3159252e-02	4.2491402e-02	-2.3933912e-02	6.7676403e-02	1.7425342e-01	1.0677353e-01	-8.5995279e-02	-1.0843597e-01	-1.5573426e-02	-1.9095385e-02	-1.6442487e-01	5.4350756e-02	4.6183053e-02	2.1038095e-02	2.6909770e-02	8.8214651e-02	8.0108466e-03	6.7876481e-02	8.5198253e-02	-3.1026162e-02	2.9670019e-02	9.8712720e-02	3.5336100e-02	4.3613348e-02	-1.1699322e-02	-1.1757157e-02	5.6692545e-04	-1.4870318e-03	-2.1707374e-03	4.9044400e-02	3.6733966e-02	-3.8946472e-02	1.0233117e-02	-3.1267039e-02	5.7481531e-02	-7.6571748e-02	-3.8863190e-02	-1.1866211e-02	3.4442954e-02	1.9812478e-02	-4.4301063e-02	1.5914330e-01	-2.2197889e-02	-7.8323714e-02	-4.7364481e-02	-3.0428516e-02	7.7642895e-02	-8.2734048e-02	8.2339644e-02	1.2494440e-01	1.4533061e-02	5.0697990e-02	1.4003032e-01	1.7696215e-02	2.0115789e-02	1.1155384e-02	3.0675426e-02	-5.2718725e-02	-5.9380066e-02	-1.5463938e-01	-5.3350311e-02	-1.8398714e-01	-2.4375181e-01	-2.0416622e-01	-2.3453820e-01	-1.6322179e-01	-2.1027917e-01	-2.9827839e-01	-2.4878351e-01	-2.8315371e-01	-2.9129800e-01	-3.4810477e-01	-3.4413686e-01	-4.1058666e-01	-2.8173885e-01	4.4776356e-01	-2.9175350e-01	7.9200834e-02	9.2361964e-02	-9.7290955e-02	-3.8329744e-01	-3.2493256e-02	-7.6257497e-02	-2.9131528e-02	-7.4252114e-02	-1.2415065e-01	-1.4391172e-01	-1.0973429e-01	-1.8194968e-01	-1.2688088e-01	-1.1527311e-01	-1.1754679e-01	-1.2782264e-01	-8.1783310e-02	2.2390562e-03	-1.2707111e-01	-1.0009025e-01	-9.9675268e-02	-1.1534709e-01	-1.3370484e-01	-1.0166449e-01	-6.1372377e-02	-7.4892253e-02	-2.5845032e-02	-5.7800587e-02	2.2058345e-02	1.7130021e-02	9.2316709e-02	-1.8913591e-02	2.6244083e-02	-1.7027283e-02	-1.1557231e-01	5.1479805e-02	1.1277430e-01	-2.0096183e-02	-2.1439097e-03	8.5776271e-03	-4.7718242e-02	-1.9846257e-02	8.1756357e-03	-6.1014123e-02	-2.6946288e-02	5.5882223e-02	-3.8621705e-02	-1.6549295e-01	-4.9635809e-02	-8.0853552e-03	9.8678857e-02	1.0550420e-01	4.0038608e-02	3.4717705e-02	1.0094248e-01	8.0100238e-02	4.0370267e-02	-3.0972280e-02	-4.1222781e-02	7.8289367e-02	-7.1264274e-02	6.6878036e-02	-5.0846584e-02	-5.8626179e-02	-2.0949362e-02	-9.1259085e-02	1.3099049e-02	5.2497189e-02	-7.5232193e-02	-1.3315275e-03	-1.9009799e-02	2.5400864e-02	4.4717569e-02	1.2530082e-02	1.0759658e-02	2.3839464e-02	1.0129285e-01	9.3347358e-04	-8.5790098e-02	2.0977905e-02	4.4171188e-02	-4.4641204e-02	-6.7209549e-02	-4.0941928e-02	-7.4732699e-02	-1.0230221e-01	-5.1191349e-02	-1.5828761e-01	-7.2260983e-02	1.1817650e-03	1.2859283e-01	8.0501556e-02	9.6921153e-02	1.3262562e-01	1.5906197e-01	1.6047905e-01	1.2951614e-01	1.2154459e-01	1.1460958e-01	9.9919826e-02	8.6931802e-02	1.1259460e-01	-4.2403247e-02	-3.5376847e-02	-1.3319968e-01	5.1694434e-02	-1.7317542e-01	-3.8709357e-01	2.1806498e-01	-3.0419496e-01	4.3790323e-01	-4.8233096e-02	3.3584067e-03	3.4478281e-02	-1.4359933e-01	5.3973805e-02	-3.1675108e-02	6.6088252e-02	1.0704129e-01	-5.3021992e-03	-7.1028426e-02	-3.1610433e-02	5.8625069e-02	-1.2701795e-01	-8.5868418e-02	-7.7527978e-02	2.2292111e-02	4.2754956e-02	1.9910609e-02	1.8206099e-02	1.4954394e-01	7.1292154e-02	-3.0186661e-02	2.5500167e-02	6.1350912e-02	4.2864520e-02	5.7033271e-02	6.5344065e-02	4.0987849e-02	-3.0548584e-02	-6.1947849e-02	-1.0466408e-02	5.4548200e-02	-2.0557138e-01	-6.3727982e-02	-9.8194955e-03	1.4246065e-02	1.5174481e-01	4.4127859e-02	-3.9908104e-03	5.6030162e-02	-3.5002470e-02	4.4118620e-02	-4.7978401e-02	-1.4301589e-04	-9.5417075e-02	-7.0354566e-02	-6.3734151e-02	-9.5663220e-02	-4.9927901e-02	-2.3960026e-02	5.2279029e-03	-2.6510587e-02	1.2179226e-01	-3.3753555e-02	-9.1459550e-02	5.0029233e-02	1.4717326e-02	1.4621516e-01	1.3047253e-01	8.7225311e-02	1.5840489e-01	7.1174033e-02	7.2897837e-02	7.4033514e-02	9.9926271e-02	7.1819969e-02	6.3809209e-02	-4.1831128e-02	6.4365403e-03	6.0129534e-02	6.4182162e-02	3.7262283e-02	3.0286193e-03	-5.2298307e-02	1.2164834e-01	1.3126802e-01	1.0887614e-01	8.4275536e-02	5.2480984e-02	6.7283012e-02	6.7312475e-03	8.9684941e-02	3.2119453e-02	2.2895671e-02	9.6347503e-02	3.9590064e-02	1.6150624e-02	-5.6461405e-02	-1.2962125e-01	-4.7772536e-03	-1.3178957e-01	-8.2474411e-02	-1.3662416e-01	-1.6463397e-02	-9.3558833e-02	1.5004585e-02	-6.3688949e-02	3.2894388e-02	-2.7649242e-02	1.6569559e-02	-6.0359694e-02	-6.6229269e-02	-9.0845481e-02	-4.7684333e-01	2.4357599e-01	-1.6306323e-01	-6.7909047e-02	1.1868448e-01	-2.2935323e-01	1.3474627e-01	2.6242730e-01	1.4786695e-01	2.5792718e-02	8.4650107e-02	-3.1262554e-02	-2.4628411e-01	-4.6412062e-02	2.3106107e-02	5.3831235e-02	-5.5804513e-03	-4.8623331e-02	-4.7644388e-02	2.5516365e-02	3.7869740e-02	5.3668648e-02	3.4746844e-02	-5.1151026e-02	-8.8378936e-02	-9.6271865e-02	3.2893053e-04	5.1845587e-03	4.0963352e-02	8.5370921e-02	6.9682762e-02	-3.3359759e-02	2.7678568e-02	1.8889841e-02	4.4235762e-02	2.7548630e-02	-6.3680135e-02	1.8913743e-01	-2.1288636e-01	-5.4357961e-02	-1.2140156e-02	1.1974637e-01	-1.3825716e-02	-6.7841850e-02	-1.9985545e-02	1.0421013e-01	-5.3128231e-02	-1.9391738e-02	-7.9080775e-02	-2.3371788e-02	-1.5895501e-01	-1.2502003e-01	-1.5389192e-01	1.0201337e-02	-7.3305339e-02	-3.2723330e-02	-5.7875413e-02	5.3687412e-02	1.8897051e-02	1.0366591e-01	4.9900170e-03	5.0377037e-02	4.8419692e-02	3.2486644e-02	5.4449212e-02	1.7009677e-01	6.7187823e-02	6.5168649e-02	1.0399666e-01	1.1445668e-01	1.2271073e-01	-1.4827757e-01	-6.1573472e-02	4.1961833e-03	6.5964870e-02	-1.3132351e-02	1.4595434e-01	1.2836014e-01	1.6240953e-01	2.4643525e-02	4.3952636e-02	3.8714014e-02	1.6607938e-02	-1.2161106e-02	8.6496025e-02	4.7119796e-02	8.5268803e-03	-6.3959204e-02	-8.4515914e-02	-1.0636997e-02	-2.0886132e-01	-2.1290855e-01	-5.3048499e-02	-1.4686173e-01	-1.5216315e-01	-6.8011507e-02	-1.8154541e-01	-5.1115464e-02	-8.2350351e-02	-1.6240679e-01	-2.7963020e-02	-7.3191829e-02	-8.8423818e-02	-1.0552713e-01	-2.3691604e-01	5.3913575e-03	3.4196368e-01	-6.6745961e-01	4.4783628e-01	5.4702163e-02	-1.1430690e-01	1.5046461e-01	1.7870530e-01	1.9253869e-01	1.3360465e-01	6.7425482e-02	9.3156129e-02	-1.1812984e-02	1.8348528e-02	2.0054241e-01	1.9658679e-01	4.6218000e-03	2.8529557e-04	-2.6709100e-02	1.5499392e-01	1.5856428e-01	1.0982125e-01	8.0352597e-02	-1.4871246e-02	-6.2300459e-02	-1.1000666e-01	-3.0878978e-02	7.5403854e-02	9.6327096e-02	1.7856506e-01	-6.9434876e-03	-7.1077600e-02	1.7186454e-02	1.3014221e-01	1.2499911e-01	1.6136079e-01	9.2273563e-02	1.2959066e-01	1.1835742e-01	1.7933612e-01	7.7195382e-03	-1.0871745e-01	-1.0328621e-02	-1.5767455e-01	-4.6883542e-02	-1.8903856e-01	-1.3738358e-01	-2.3845914e-01	-1.0840411e-01	-6.9426090e-02	-8.7694027e-02	-2.6351893e-02	-3.7818715e-02	-1.0685387e-01	-8.4386207e-02	4.1385096e-02	-2.1482335e-02	3.6796719e-02	1.3882479e-02	-2.1515749e-02	-3.3272326e-02	-7.6047052e-03	5.0270088e-02	9.2947334e-02	1.1868870e-01	4.9481362e-02	1.0826989e-01	8.0224454e-02	1.7023705e-01	1.6868356e-01	1.1273094e-01	6.0409006e-02	5.8396220e-02	-5.6095250e-02	-5.8361016e-02	1.0684340e-01	2.5273303e-03	8.1323609e-02	-4.1630082e-02	-8.0582581e-02	-8.0394126e-02	-1.0079724e-01	-7.1634158e-02	-7.9463996e-02	-5.4587197e-02	-1.6133434e-01	-8.2000330e-02	-9.0951249e-02	-9.9299505e-02	-5.1219072e-03	-5.4863910e-03	3.9614130e-02	3.0936234e-02	1.5800267e-01	1.2625475e-01	8.5708961e-02	1.1283156e-01	6.9592156e-02	2.5108697e-02	-1.3318452e-02	5.4973707e-04	2.2995036e-02	1.1187566e-01	9.3313172e-02	1.1335938e-01	1.9424516e-01	1.4415784e+00	-3.9338404e-01	7.8222460e-01	1.3385528e+00	-3.7566310e-01	2.2236487e-01	-9.4566995e-01	-3.3464688e-03	-7.9217039e-02	-3.3564265e-03	-1.6741734e-02	1.0463739e-01	-8.3970524e-02	-5.4413632e-02	-8.3637245e-02	-7.2076591e-04	-3.0422425e-02	-3.0158708e-02	-3.0582884e-02	-1.1435504e-01	-1.2342633e-01	-4.3766070e-02	-7.6745865e-03	-8.7313749e-02	-1.0427801e-01	-8.1918985e-02	-6.9691956e-02	-3.1635620e-02	6.9266051e-02	-8.5410178e-02	-1.6196851e-02	1.0600340e-01	7.4379444e-02	3.5055488e-02	1.8654886e-03	5.6101927e-03	-3.8036283e-02	-7.8576826e-02	-7.6590493e-02	5.6953847e-02	3.9562780e-02	1.4470054e-01	9.5949970e-02	5.5956491e-03	-1.2199372e-01	-8.9465193e-02	-2.2422236e-01	1.3773288e-02	-1.2201952e-02	-9.5494799e-03	-3.6587380e-02	5.1851697e-02	1.5889650e-02	1.4403571e-01	8.6760372e-02	1.5488952e-01	1.9813100e-01	1.1467472e-01	2.3883416e-01	1.4944606e-01	1.2519324e-01	9.0102173e-02	8.0659099e-02	6.0054269e-02	-2.4012206e-03	8.4460422e-02	9.5974229e-02	-4.0345967e-02	5.6312125e-02	4.1974995e-02	6.1456181e-02	5.7067130e-02	-3.7738528e-02	-8.9226343e-02	-3.6685720e-02	6.6728659e-02	5.0359130e-02	3.8700871e-02	7.1811981e-02	2.4942050e-02	2.6064692e-04	-9.1044776e-02	-7.7422239e-02	3.9299525e-02	-1.3961246e-02	3.2596555e-02	4.3832831e-02	-2.7600391e-02	2.7111934e-02	-9.8564111e-02	-1.4234279e-01	-9.2812233e-02	-2.1315785e-02	-3.3603337e-02	2.7274513e-03	-1.9277908e-02	-3.7326656e-02	2.6951592e-02	9.1190368e-02	2.8460363e-02	6.8123884e-02	-7.3820413e-03	-5.3408097e-02	2.1367624e-02	-5.1998597e-02	-8.4943362e-02	-5.9822697e-02	1.1627226e-01	-1.6989535e-01	2.9786524e-01	-1.6830347e-01	-7.8690872e-02	-1.5072174e-01	5.2636677e-01	2.5205520e-01	-2.7627793e-01	-2.8416213e-01	-4.9654365e-02	-1.6959396e-03	-3.8668655e-02	-4.5058396e-02	-6.8869554e-02	3.6883220e-02	2.2252955e-04	-5.8710925e-02	-4.6472739e-02	-5.2960642e-02	3.3513386e-02	1.8595843e-02	5.0798986e-02	-3.0151486e-02	8.4433429e-02	2.9667962e-02	5.3768415e-02	5.8302525e-02	6.7202844e-02	7.9997946e-03	1.4206820e-02	1.4895202e-01	6.1039995e-02	5.1141898e-03	-6.1939247e-02	-1.0996338e-01	-1.0559410e-01	-2.4494098e-01	-2.8837207e-01	9.7088525e-03	-1.2871927e-01	-5.4316554e-02	7.6737083e-02	-3.3040162e-02	6.1365653e-02	5.6375157e-02	-8.0618793e-03	-1.9632058e-02	-1.6736558e-02	-6.0689434e-02	-8.0193304e-02	-6.0667936e-02	-8.2365364e-02	1.3945691e-03	-5.5611461e-02	-8.0293886e-02	4.9664389e-02	-1.2362838e-01	-1.7422019e-02	9.5394686e-02	-1.8062761e-02	4.1342441e-02	-1.4206116e-01	-5.1346898e-02	-9.3106553e-02	-5.1538583e-02	-5.3107424e-04	-8.9018397e-02	3.9006285e-02	4.4127302e-03	-9.0074748e-02	-5.5018939e-02	-1.3705900e-01	-3.3807561e-02	-1.3303718e-02	4.4659446e-03	-9.9387402e-03	-1.1901573e-02	6.6239432e-02	-5.1543362e-02	5.8049053e-02	-3.0455664e-02	2.0850338e-02	-4.4573989e-02	-2.2343723e-02	-4.4271171e-02	-1.4224228e-02	6.0276937e-02	-6.7189015e-03	-6.8616159e-02	-5.3562806e-03	-1.5810035e-02	3.6625277e-02	2.0913465e-02	-1.6044296e-02	-3.2527156e-02	3.3560205e-02	-5.1818624e-02	-2.6331009e-02	-2.1617197e-02	-4.4373296e-02	7.5631859e-03	3.9562456e-02	-2.4324922e-02	-5.8195121e-03	-4.4472404e-03	-1.2427808e-01	1.7324896e-01	1.6023159e-01	-9.2161901e-02	-2.6423402e-02	9.7961210e-02	1.8916230e-01	6.2724417e-01	-1.0402690e-01	-2.1727180e-01	-1.6941617e-01	-3.7035424e-02	-9.2600897e-02	-5.3746004e-02	-1.6623943e-01	-1.8893813e-01	-1.5268645e-02	-1.0498339e-01	-8.7419651e-02	-1.3266957e-01	-2.1782678e-02	1.0269786e-01	2.9766226e-02	6.4994618e-02	3.9760314e-02	-2.4006935e-02	-1.9621089e-02	-3.8247541e-02	-4.2748102e-03	4.5419868e-02	6.7967705e-02	2.4128056e-03	-8.7222643e-02	-1.3373892e-01	-1.3647521e-01	-1.1204010e-01	-1.7306769e-01	-3.1971756e-01	-3.8647211e-01	-3.6405760e-01	-2.1929958e-01	-2.2350472e-01	-3.6523726e-02	1.0625489e-02	-1.9960331e-02	-4.3099675e-02	-7.9074286e-02	-7.9908267e-02	-2.0521821e-02	-9.6337693e-03	2.6495310e-02	-6.6783905e-02	1.3233006e-02	-6.3916529e-03	1.7539257e-01	1.5030965e-01	1.2527320e-01	1.6771834e-01	1.0201437e-01	5.7994816e-02	1.1552629e-01	3.6448743e-02	4.8476785e-02	7.4835658e-02	1.1451809e-02	1.2335421e-03	4.3900902e-03	3.2485113e-02	1.0966332e-02	-4.4553138e-02	-8.2406260e-02	-1.3848670e-01	-7.9613797e-02	1.7217835e-02	9.4329886e-02	2.1051254e-02	-4.8891190e-02	-4.8864178e-02	-3.7389066e-02	2.6397951e-02	-1.0934441e-02	-1.7991149e-03	-5.2795593e-02	1.5618784e-02	1.3279445e-02	-2.9611021e-02	5.7714786e-02	6.3895009e-02	-1.2354909e-02	5.6460416e-03	9.3190074e-02	9.8137669e-03	3.1709183e-02	3.3277642e-02	-4.4137120e-02	8.5061036e-02	4.4761501e-02	4.5950111e-02	-8.5447513e-02	7.1175307e-02	-2.5256421e-02	4.1939910e-03	1.2848516e-02	-3.8788822e-02	-1.0145527e-01	-1.3330457e-01	-7.1668193e-02	-1.0508323e-01	1.3501011e-02	-7.8436024e-02	-3.7493069e-02	-1.8104829e-01	3.0030620e-01	1.2383538e-01	6.9254458e-01	-1.3322556e-01	2.0081381e-01	-1.2131153e-01	-1.3544136e-01	-3.1832699e-02	2.2064429e-02	1.8689470e-01	4.4004839e-02	-1.0666224e-01	-1.2182157e-01	5.3224117e-02	7.4584991e-02	3.0319989e-02	1.3964860e-02	-4.5177117e-02	-1.3890634e-01	-9.4852425e-02	7.9086848e-02	3.2020990e-02	9.1004007e-02	1.8932367e-02	-1.8009247e-02	-8.8314293e-03	-4.5256816e-02	8.0861226e-03	1.0025809e-03	-9.4495676e-02	-2.6662789e-02	-8.2590833e-02	-1.7380564e-02	9.3240350e-02	2.0616885e-02	1.8525455e-02	5.6023065e-02	-2.3421871e-02	1.1531421e-01	-7.6021731e-02	3.8326029e-02	-7.4359730e-02	-2.1833862e-01	-1.5526271e-01	-4.0627807e-02	-8.2839958e-02	-4.7210168e-02	7.7940430e-04	-2.0713300e-02	-3.0774428e-02	1.3637234e-03	1.0033732e-02	3.6536131e-02	4.0364631e-02	6.7411028e-02	4.7604248e-02	7.4127175e-02	5.1980399e-02	1.0634223e-01	7.9234488e-02	-1.8597614e-02	6.0261879e-02	1.2684989e-02	4.5063484e-02	-4.6791442e-02	-5.3252444e-02	5.7242755e-02	-6.4114826e-03	-7.6463528e-02	-1.0598846e-01	-1.3095336e-01	7.4804178e-03	1.3433683e-01	1.5453462e-01	1.2497409e-02	2.9156117e-02	8.5973226e-02	9.6173286e-02	6.1925318e-02	-9.3224555e-02	3.0189237e-02	-3.8314719e-02	5.7068564e-02	1.0412176e-01	5.2426357e-02	5.2235063e-02	-2.5654787e-02	-1.3822451e-01	-5.6114964e-02	-2.1646658e-03	-1.7001846e-01	-6.2432036e-02	-6.8652895e-03	-4.3182947e-02	7.4035674e-03	1.4511870e-01	3.6565699e-03	-7.3454015e-02	2.5888693e-02	-4.1504126e-02	-3.2472085e-02	-2.2779087e-02	-6.2243260e-02	-1.3834839e+00	3.7382117e-01	2.9252511e-01	2.8680003e-01	-1.3515198e-01	-2.4006616e-01	2.2044446e-01	2.3069780e-01	-1.9012709e-01	-1.7231362e-01	1.5485475e-02	1.1695904e-01	-1.1561032e-02	1.2166946e-01	7.4218377e-02	-1.5826854e-01	-1.8861736e-01	-2.7058747e-01	-1.9432387e-01	-8.7921664e-02	4.6609607e-02	3.6692929e-01	1.7802043e-01	3.5582103e-02	-9.2178516e-02	-1.5185309e-02	-5.3406078e-02	-1.4733541e-01	6.4427294e-02	-1.9259993e-02	4.1715531e-03	1.8391207e-01	2.9460526e-01	1.1638586e-01	1.1823830e-02	-2.5640598e-01	-3.1420496e-01	-2.6033139e-01	-3.6984757e-02	5.2316196e-02	1.6674191e-01	9.4775885e-02	1.5457077e-03	-1.3367906e-01	-5.9660740e-02	-1.6551936e-01	-1.1941931e-01	-7.9577379e-03	-1.2030398e-02	-8.5890368e-02	-7.3379822e-02	-1.7378817e-01	-2.0882723e-01	-5.5050112e-02	-5.5154473e-02	5.7249811e-02	-9.7931564e-02	1.1184122e-02	-4.7578573e-02	-7.6105535e-02	3.5092559e-02	1.1191590e-01	7.3130345e-03	-2.1511121e-02	3.3776514e-02	6.1349891e-02	1.7575592e-01	7.8405075e-02	7.4630208e-02	7.2652102e-02	1.6749650e-01	8.3047800e-02	1.4801952e-01	1.1595351e-01	-3.7467390e-02	-1.8838982e-01	-2.8567520e-01	-1.4201428e-01	-2.1551865e-01	-1.8252781e-01	-1.8514095e-01	-3.6251683e-02	9.2251069e-04	2.2588238e-02	-1.1036499e-01	-8.9575082e-02	-1.3138686e-02	3.6836751e-02	1.5078667e-02	3.2597259e-02	-1.0843838e-02	-6.8847045e-02	-2.3649452e-02	-5.7556570e-02	3.3583241e-03	7.0269242e-02	5.4110799e-02	6.4739414e-02	-3.6034097e-03	2.6834391e-02	1.0669514e-01	2.5483953e-02	1.2399527e-01	1.5322770e-01	1.6829468e-01	1.7398250e-01	2.2138834e-01	-3.1877348e-01	-1.6260127e+00	2.4988148e-02	2.6803350e-01	2.1292344e-01	3.1557322e-01	4.9319738e-01	3.1701010e-01	4.1359380e-02	4.1686535e-02	-1.1101498e-01	-8.7408938e-02	2.0963613e-02	1.1259541e-01	1.7252472e-01	-1.4879586e-02	1.5719245e-01	1.0531450e-01	1.2369673e-01	7.3741160e-02	5.6026507e-02	2.8192350e-03	7.6245889e-02	1.2962905e-01	1.6006917e-01	8.8203758e-02	4.4632718e-02	-1.5747773e-02	1.7782154e-02	-7.9344071e-02	-5.3556476e-02	-3.7095334e-02	-2.1199942e-02	-2.9836381e-02	-9.7070284e-02	4.1565236e-02	3.1936031e-02	6.8371609e-02	-1.0149912e-01	3.0009082e-02	-1.0698001e-01	6.8534337e-02	7.0545912e-02	-7.1338020e-02	-5.2021597e-02	2.9376799e-02	-1.0715203e-01	-1.0917082e-01	-1.1017094e-01	-4.3653417e-02	-6.1593451e-02	-5.2413061e-02	-2.9038811e-02	-1.1423015e-01	-1.1209238e-01	2.2486129e-03	7.7394105e-02	9.8399520e-02	5.4140255e-02	6.7290246e-02	1.5997489e-01	9.4549976e-02	7.7137135e-02	2.0572509e-01	2.3299611e-01	2.1008135e-01	1.2597598e-01	1.7914052e-01	1.9814108e-01	2.1750784e-01	1.4839181e-01	2.4295388e-01	2.8122100e-01	3.2941765e-01	-4.9545225e-02	3.1629343e-02	3.7127979e-02	-4.4871803e-02	6.7673735e-02	-1.9650646e-02	-9.8343764e-04	2.2567466e-02	7.6911993e-02	5.3160328e-02	8.4904745e-02	-4.3342438e-02	-3.9698444e-02	2.2117222e-02	-5.0665803e-02	-4.8778057e-02	5.0198756e-02	3.3179671e-02	1.4851077e-02	-7.7780180e-02	-5.7352968e-02	-6.2395532e-02	-4.9352568e-02	3.9669752e-02	-5.6145683e-02	-7.4552774e-02	6.2346186e-02	-3.7644085e-02	-1.0385548e-01	-1.5408963e-02	1.0717916e-01	9.1308802e-02	1.3213050e-01	-5.4357207e-01	-3.5627067e-02	-1.5041462e-01	-4.5615408e-01	-2.9812856e-02	-1.5572946e-01	-3.1576952e-01	-8.5997976e-02	-2.7171651e-01	-2.4061748e-01	-1.6810155e-01	-1.6987078e-01	-1.5081044e-01	-1.4457445e-01	-1.0504984e-01	-5.4148853e-02	-1.2559313e-01	-4.5288507e-02	-1.3837460e-01	-5.0293129e-02	3.7080638e-02	-1.7382927e-02	-5.8151145e-02	-3.1896610e-02	-1.2274151e-02	-6.4488329e-02	-3.0382095e-02	9.0207700e-03	1.2415425e-02	1.1043221e-02	5.9129663e-02	1.8032253e-02	6.7128390e-02	3.2429323e-02	-7.9945825e-02	-1.4203861e-01	-1.6214885e-01	-2.2723384e-01	-1.4265850e-01	-1.5873279e-02	-5.0564997e-02	1.7426237e-02	-5.3623286e-03	1.3073775e-02	-1.8785167e-02	-7.4105941e-02	8.1835322e-02	5.9934773e-02	-3.8888432e-02	-4.9220651e-02	-2.2846223e-01	5.6759254e-03	-3.1211386e-02	1.3124785e-01	-2.1403195e-02	1.2191220e-01	6.8480603e-02	1.1650470e-01	3.7078771e-03	9.1072321e-02	-1.1356440e-01	8.2606383e-02	7.8118168e-02	2.9148582e-02	-2.5396589e-02	-6.1581973e-02	1.2822165e-02	-2.2978008e-02	-1.1242645e-01	2.4626426e-02	-8.5357450e-02	-1.0484200e-01	-2.4735702e-02	-3.0730862e-02	-3.5287187e-02	4.3710269e-02	1.0622822e-03	-1.0720742e-02	2.3785885e-02	1.3459757e-02	2.4683243e-03	3.5360963e-03	-5.6914696e-03	-3.5368022e-02	-4.0463912e-03	-2.7590625e-02	3.8754072e-02	-3.1140050e-02	-2.5455540e-02	7.8500390e-02	-8.4120251e-02	-3.2269716e-02	-2.8853364e-02	-5.7761684e-02	3.3883452e-02	3.9181776e-02	-2.9723395e-03	-8.0546020e-03	-2.1897968e-02	3.3031568e-02	1.0059109e-02	3.2902885e-02	5.5400062e-02	-1.3924053e-02	2.0129777e-02	-4.1198015e-02	3.8268026e-02	9.9959671e-03	8.7847993e-02	-2.4706501e-01	-7.0478804e-02	-2.6139405e-02	-6.4802147e-02	4.9358565e-01	-2.5746012e-01	-2.2241946e-01	-7.5834960e-02	-2.9149892e-02	-8.0502346e-02	-2.9297858e-02	-3.4947056e-02	-5.1936045e-02	-1.1287323e-01	-1.6574122e-02	-9.3016274e-02	-6.0140312e-02	-3.3210803e-02	-1.9075673e-02	-6.9861650e-02	-1.1536156e-01	-1.0906900e-01	-3.2393444e-02	-3.2969259e-02	6.4745531e-03	-4.3561049e-02	3.0903513e-02	3.2003786e-02	2.6560273e-02	-2.8419547e-02	-7.1694635e-02	-6.4321086e-02	-5.9353136e-02	-1.2594701e-01	-2.2197345e-01	-2.4599057e-01	-1.6504891e-01	1.4951460e-02	-8.0050208e-02	6.8971612e-03	1.3941513e-02	4.1428164e-02	-1.5187196e-02	-2.7783995e-02	1.2958528e-02	-5.7656519e-02	-3.3910435e-02	-5.2665453e-02	-5.5722184e-02	3.0512903e-02	3.8295265e-02	4.0328559e-02	4.1341849e-02	1.1731163e-01	-1.7811975e-02	6.3505590e-02	-5.7947628e-02	-1.1447644e-02	-4.0066469e-02	8.3050631e-02	3.9012734e-02	-3.3483990e-02	7.4463271e-02	-3.8263358e-02	-2.4980461e-02	-1.6136857e-02	-6.3315183e-02	-4.7026980e-03	2.2724170e-02	-1.6634058e-02	-3.1957962e-02	-4.2846624e-02	-4.9463725e-03	-1.0208205e-02	1.0936370e-02	4.4489928e-02	2.9312955e-02	-5.9771340e-02	-6.8528637e-02	-2.0626271e-02	9.2180029e-02	-4.7074850e-03	7.2680026e-02	-6.6797033e-02	4.9847893e-02	9.5303521e-02	-4.1276734e-02	-4.2098776e-02	-4.5680992e-02	9.9331401e-02	-1.2168309e-01	-5.8852606e-02	-1.1338365e-01	2.8527725e-02	2.0287141e-02	3.9618321e-02	-1.6683510e-02	1.2367961e-03	5.3934581e-03	-3.2337755e-03	4.6671551e-02	4.9621601e-02	4.5939062e-02	2.6677178e-02	-8.3143383e-02	-2.0826250e-01	-5.4554421e-02	-9.6984848e-02	-1.2854038e-01	-5.4585226e-03	-2.1325080e-03	5.1118910e-01	-1.6643752e-01	-2.5085983e-01	3.5759360e-02	1.1185137e-01	-7.2292820e-02	8.7273411e-02	2.8847285e-02	-1.3084570e-01	-2.9511763e-02	7.6327018e-02	-7.0904039e-02	-3.3883385e-02	-1.4674619e-01	1.0557074e-02	-5.5046856e-02	-1.7710913e-02	5.4549994e-03	2.7465001e-02	4.5474436e-02	-5.1031443e-03	-1.3759572e-03	4.7593690e-02	-1.8852685e-02	2.2649605e-02	-2.3293255e-02	-8.3107822e-02	-9.9186979e-02	-1.1978671e-01	6.0301121e-02	1.8327916e-01	-5.8985706e-02	-2.2179612e-03	3.1439777e-02	-1.4126438e-01	-3.7406314e-02	-3.2922484e-02	8.3366178e-02	1.0582205e-03	5.5516966e-02	3.5649199e-02	2.6956988e-02	4.6090271e-02	4.3168016e-02	4.1848391e-02	-2.8229350e-02	6.5106541e-02	3.5487447e-02	1.0458463e-01	-2.9389015e-03	2.8036766e-02	5.2473087e-02	7.9913087e-02	1.9060087e-01	-4.9284849e-02	1.0649936e-01	2.4307821e-02	-1.2063977e-02	5.6554936e-02	7.5183973e-02	7.9739682e-02	3.5528865e-02	4.4350021e-02	8.7624155e-02	3.5117704e-02	-4.4057712e-02	6.5997064e-02	1.7380770e-01	-8.8696525e-02	-6.0363967e-02	-9.2631713e-02	-1.1827520e-01	-8.3224028e-02	3.6266331e-02	-4.4762637e-02	-4.0706184e-02	-1.0340771e-01	-9.3180396e-02	-5.0444420e-02	-5.2796207e-02	-8.6518273e-02	-6.3955620e-02	-1.7265856e-01	-6.1605044e-02	-7.3455662e-02	6.7550212e-02	-3.1381071e-02	3.6583383e-02	2.0455251e-02	5.6538373e-02	-1.3471224e-02	5.1161759e-02	-5.2791838e-02	5.4913294e-02	3.7089456e-02	-2.1223323e-02	-1.4355591e-02	-5.4838588e-03	4.0582828e-02	4.8355121e-02	7.7908225e-02	-6.9083291e-01	1.0486777e+00	1.1468211e-01	4.9967617e-01	1.7755577e-01	2.4072550e-02	1.4201235e-02	-1.7839690e-01	9.1206014e-02	6.8889190e-03	-2.7594659e-02	-4.0773596e-03	1.1116352e-01	5.7349231e-02	7.8530960e-02	-1.8536905e-02	-1.3651127e-01	-2.8987102e-02	-3.3496570e-02	-5.0482349e-03	-2.1477620e-01	1.0004365e-02	-8.1891790e-02	3.2900203e-02	-5.8808960e-02	-6.0773481e-02	-8.6705998e-02	-7.2150819e-02	-1.3176736e-01	8.3259597e-02	-4.5605026e-02	-1.3126509e-01	-8.9279339e-02	1.6815113e-02	3.0923804e-02	2.7233593e-02	9.0778936e-03	1.3644101e-01	1.3299718e-01	-3.6490794e-02	9.7489618e-03	2.1185951e-01	-9.5236801e-02	-1.6935496e-01	-1.3919635e-01	-1.2689561e-01	7.1757868e-02	-1.0167573e-01	5.6289446e-02	2.0628040e-01	1.7856830e-01	1.2367804e-01	4.7584880e-02	5.1611930e-02	-5.1639892e-02	5.4345049e-02	-3.5816137e-02	-2.1753559e-02	-5.3871114e-02	1.4212107e-02	-9.1595173e-02	-8.4983289e-02	-4.3808736e-02	-5.4434236e-02	-4.5549668e-02	-7.6895230e-02	-7.7450134e-02	-3.5994072e-02	-1.0959236e-02	-1.6627070e-02	-9.1424584e-02	-1.4530891e-01	-8.1033707e-02	-1.2622471e-01	-1.2934667e-01	-2.6707279e-02	-6.3735060e-03	9.0413161e-02	-6.9760252e-04	1.2089063e-02	-4.2847600e-02	4.6362948e-02	-8.8416114e-02	-1.2379273e-02	-7.5955063e-02	-2.4887351e-02	-2.4551831e-02	-7.5311340e-02	-8.3699428e-02	-1.9496720e-02	9.7671738e-03	1.5218063e-02	-8.7961502e-02	-8.4381431e-02	-2.9738219e-02	-8.0075480e-02	5.2830670e-02	7.5378463e-02	6.3660458e-02	1.5150261e-01	1.4124744e-01	1.1672994e-01	9.8371413e-03	9.2678830e-02	1.1347998e-01	1.6705380e-01	1.9268823e-01	9.0209447e-02	-1.5703659e-01	-2.3941818e-01	2.4893488e-01	-5.2747618e-02	3.5977352e-02	-5.9843844e-01	4.2647952e-01
-2.7173007e-02	-2.0889267e-02	-1.6872205e-01	-4.3878117e-01	-9.7900438e-01	1.9064651e-01	8.9760488e-01	2.3529460e-01	-7.3740496e-03	7.9581290e-01	7.4739462e-01	-6.0549423e-02	4.0899524e-01	-1.2877755e+00	-2.3674893e-01	7.1551047e-02	1.2310725e+00	-3.2458606e-01	8.9752531e-01	-6.1389631e-01	-1.1611870e-01	-2.1518196e-01	7.6798880e-01	7.6734453e-01	8.3596021e-01	2.6469555e-01	3.1424767e-01	-1.1567621e+00	1.5482879e+00	2.0053446e+00	-2.3289366e-01	-1.0612226e+00	-9.5160836e-01	-9.1071367e-02	-9.3762822e-02	3.4094474e-01	6.5998483e-01	-7.6922572e-01	-4.1763201e-01	-3.1875667e-01	4.4748187e-02	1.0967063e+00	5.2790947e-02	4.8373869e-01	-8.6469042e-01	-6.4203864e-01	-6.1405420e-01	7.2041237e-01	1.9005111e-01	1.0128482e-01	5.3957391e-01	-5.7187420e-01	4.7458327e-01	9.2031103e-01	2.9929534e-01	4.6643311e-01	-1.2308362e-02	-8.4084171e-01	-1.3620967e-01	4.4048613e-01	5.0815916e-01	6.1055315e-01	5.9030092e-01	-3.8535026e-01	-3.7706408e-01	3.1746382e-01	-3.3621758e-01	-7.7943236e-02	6.0460532e-01	-3.7433651e-01	4.4125682e-01	-7.1730840e-01	6.3012362e-02	-7.2560809e-03	6.2356228e-01	-2.0523456e-01	-1.3076777e+00	-1.2997071e+00	-4.6564639e-01	-2.6386845e-01	1.1420516e+00	-1.7747034e-01	7.6665592e-01	-3.7025040e-01	-1.6963273e-01	-1.2850408e-01	4.1566715e-01	4.9628854e-01	5.8124632e-01	3.0156550e-01	1.8691424e-01	-8.8229907e-01	1.5572420e+00	1.7324439e+00	-5.9781052e-02	-6.4866501e-01	-6.4035225e-01	8.4929097e-01	3.3177227e-02	-1.3580220e-02	-7.7590424e-01	-2.4724333e-02	5.6982225e-01	-2.9080647e-01	7.0925266e-01	-4.9737731e-01	3.3040512e-01	-5.4704350e-01	3.5115764e-01	-7.4346220e-01	-5.8144599e-01	7.1727395e-02	1.4344441e+00	-2.4741998e-01	8.6082304e-01	-4.8460096e-01	-1.9529755e-01	-4.2771533e-01	6.3345677e-01	9.5275187e-01	7.7594751e-01	4.9209794e-01	4.3699461e-01	-9.5855284e-01	1.8685596e+00	1.6530350e+00	-1.7027125e-01	-1.1224449e+00	-4.9217927e-01	-1.9259760e-01	-1.1139904e+00	9.6730143e-02	6.7692852e-01	-4.6061292e-01	-7.2638339e-01	-8.8742357e-01	3.9827424e-01	2.7330312e-01	4.3634081e-01	-3.4274843e-01	-1.4296776e+00	-1.1446117e+00	-3.1519240e-01	5.2065399e-02	1.4436599e+00	-3.3478257e-01	7.2215021e-01	-2.8636269e-02	-7.2383791e-02	8.6907402e-02	5.5468732e-01	7.6083046e-01	6.9952434e-01	-3.3415686e-02	2.2532931e-01	-9.9307060e-01	1.6130158e+00	1.7391320e+00	-8.3975658e-02	-1.1029801e+00	-8.7138891e-01	6.1079204e-01	1.5501465e-01	1.6134137e-01	4.2093265e-01	-1.6020685e-01	1.4514633e-02	-6.4533979e-01	-3.3419865e-01	8.9104074e-01	1.7723276e-01	4.3272287e-02	-9.8956901e-01	-8.1164438e-01	1.3239416e-01	-4.0909791e-01	4.2944098e-01	8.1612337e-01	8.7129301e-01	-9.3967211e-01	3.3342502e-01	2.4999508e-01	-1.1454193e-01	4.1185778e-01	-4.0082195e-01	-5.6452155e-01	3.5532176e-01	-1.7470808e-01	3.3499125e-01	1.2790238e+00	9.5693612e-01	3.2649480e-02	-5.0669235e-01	2.0885380e-01	-4.0748611e-01	-1.8114515e-01	4.5742139e-01	-4.1100359e-01	-1.4490493e-01	-2.7434375e-02	-4.5388013e-02	9.3765301e-01	2.8786719e-01	2.5408447e-01	-5.8550656e-01	-1.1226124e+00	-5.1276934e-01	2.2671069e-01	6.7819792e-01	-7.5881660e-01	8.6565301e-02	5.3950948e-01	4.2405054e-01	3.4391743e-01	3.8097063e-01	-4.2589855e-01	3.2371905e-01	-1.0612509e+00	-8.1483746e-01	2.6996872e-01	8.7692010e-01	5.7468063e-01	-1.3406844e+00	1.9243571e-01	1.1101743e+00	-2.5751361e-01	1.3848435e+00	-3.1533948e-01	-1.6824487e-01	-5.2264005e-01	5.4071867e-01	1.0320683e+00	3.9646620e-01	6.2278706e-01	4.0538484e-01	-7.3328978e-01	1.4795052e+00	2.1951399e+00	2.3823959e-01	-1.0551869e+00	-6.4904356e-01	-2.5029683e-02	2.0504472e-01	4.7057550e-02	8.9228647e-03	-2.2152537e-01	-8.0460114e-03	1.0862629e-01	5.0830405e-02	8.4639651e-01	3.0994245e-01	4.3299634e-02	-8.3017051e-01	-7.1771419e-01	-2.5798744e-01	1.0252168e-01
1.5960900e+00	-2.6568859e+00	1.2224799e+00	-1.2232274e+00	1.5734249e+00	-2.6367800e+00	1.7870183e+00	-2.2712049e+00	1.3832580e+00	-2.5790608e+00	8.8814873e-01	-1.1318797e+00	1.1900613e+00	-1.9394784e+00	-2.6915674e+00	5.0186884e-01
