15
input	41
dense	12
leakyrelu	0.10000000149011612
dense	12
leakyrelu	0.10000000149011612
dense	12
leakyrelu	0.10000000149011612
dense	12
leakyrelu	0.10000000149011612
dense	12
leakyrelu	0.10000000149011612
dense	12
leakyrelu	0.10000000149011612
dense	1
sigmoid	0
0.00020589114865288138
1.8538556e-01	-1.9572711e-01	1.9118378e-01	-1.1201872e-01	-2.3730113e-01	3.0617556e-01	1.3390127e-01	1.7447598e-01	1.9870467e-01	-7.9443343e-02	-5.7369441e-02	2.1623938e-01
-1.2314665e-01	1.7111288e-01	8.1175193e-02	-1.8605427e-01	1.6024525e-01	1.1371990e-01	2.3144004e-01	-9.7099155e-02	-2.0490617e-01	2.0600182e-01	1.7337391e-01	1.1629405e-01
5.2545108e-02	-5.6280782e-03	1.2048096e-02	-1.2457321e-01	1.3732539e-01	-4.1571852e-02	1.4484501e-01	3.5582375e-02	1.8732594e-01	9.0693161e-02	-7.9910003e-02	9.7953834e-02
3.8695890e-02	7.9776645e-03	-4.6971139e-02	5.0073151e-02	3.9423574e-02	1.2455461e-01	7.3543931e-03	2.8864516e-02	-5.6560576e-02	-2.5753761e-02	-2.9618695e-02	6.1465297e-02
4.1175585e-02	-2.2716075e-01	-1.6767326e-01	2.0590596e-02	-1.0740432e-02	3.3399154e-02	-3.5362039e-02	1.3911214e-02	1.7871812e-02	2.5134888e-02	4.1391108e-02	1.3869619e-01
5.7289027e-02	-1.1850568e-03	-2.1480398e-01	3.1319614e-02	1.3127039e-01	1.6037356e-02	8.2037292e-02	-3.7246794e-02	-4.4176765e-02	-6.7062683e-02	3.9351050e-02	-2.6800014e-02
-1.0172573e-01
-7.6494202e-02	-1.2285671e-01	-5.5639975e-02	-1.7919488e-02	6.8392005e-04	-1.6063459e-02	3.0069813e-02	9.9137507e-02	1.0285195e-01	8.4690697e-02	1.2757005e-01	1.3343216e-01	5.3611957e-02	-1.1997267e-01	1.2458949e-01	6.1420754e-02	-3.4990369e-03	5.6887995e-02	-6.7948662e-02	5.3722594e-02	-8.2455918e-02	-1.1453418e-01	-4.7644187e-02	-1.7019360e-03	1.5994346e-02	6.4675964e-04	-2.8398255e-02	7.1666859e-02	-8.6273458e-03	1.0900205e-01	8.8706888e-02	-9.0912730e-03	6.1312784e-02	1.8142913e-02	-6.0013618e-02	-1.8562535e-02	1.1897475e-01	4.8429485e-02	-5.0796275e-03	-4.9298167e-02	6.6590406e-02	-4.8566520e-02	-1.2728566e-01	-9.6877784e-02	-1.4126638e-01	-7.3656663e-02	-7.2918467e-02	-5.8904260e-02	-6.3201482e-03	2.7735371e-02	-1.0147522e-01	-3.6731858e-02	8.3676064e-03	-4.9762741e-02	-3.0844284e-02	2.5172761e-02	-8.5873209e-04	4.6675123e-02	2.9074147e-02	2.1875858e-02	-4.2657126e-02	1.9488957e-02	-3.4804944e-02	-2.3511259e-02	-1.0582548e-02	3.3029173e-02	1.1512554e-02	-4.3676462e-02	-5.7132185e-02	-1.5722376e-01	-1.3467208e-02	-9.5964380e-02	-1.2297377e-01	-3.8209707e-02	6.4222574e-02	5.9986990e-02	-2.5451899e-02	-4.4010885e-02	2.1641809e-02	5.7907395e-02	2.4452998e-01	-3.3852765e-03	-9.2598647e-02	-7.8105800e-02	4.8353621e-03	4.8213098e-02	1.3171323e-01	2.1255391e-02	1.5033140e-02	7.9861591e-03	-1.2387784e-01	1.1759143e-01	-3.8753089e-02	-7.8598127e-02	-1.5814273e-02	-7.2515123e-02	2.2810653e-02	-5.3392188e-03	5.2351944e-02	-7.4899286e-02	2.0116169e-02	-3.8916811e-02	5.2108346e-03	-5.3350192e-02	6.9621757e-02	5.7359759e-02	-4.1180354e-02	-3.6073279e-02	4.1118186e-02	-2.8052323e-02	3.0216360e-02	5.1644959e-02	-2.8976932e-02	-9.9010522e-06	-1.1964079e-01	3.9198611e-02	2.3060368e-02	8.6995080e-02	-5.1579539e-02	4.5975175e-02	-1.7915394e-02	-1.6432980e-02	3.8501501e-02	1.9280529e-01	5.2873828e-02	-3.5950426e-02	-6.3412078e-02	-3.0045215e-02	2.0606378e-02	3.5716686e-02	3.9719611e-02	-1.1799539e-02	1.3313520e-01	3.2955270e-02	6.7650408e-02	2.5958844e-02	3.6167122e-02	7.3268479e-03	3.3308879e-02	1.9105256e-02	-5.0897483e-02	7.9378076e-02	-8.2802959e-04	-6.1500002e-02	-4.3021776e-02	1.5608378e-02	2.1529995e-02	-3.7029870e-02	-6.9689393e-02	-7.7940449e-02	1.3398902e-02	-7.1923047e-02	1.3618637e-03	1.8844715e-01	2.3015544e-01	9.7536273e-02	4.8104897e-02	-1.9245428e-01	-4.5873635e-02	1.0495379e-02	-2.8812385e-01	-3.0931553e-01	-3.4805879e-01	-3.7541438e-02	1.0760078e-01	1.0450534e-01	6.1037418e-02	1.6420931e-01	5.3110816e-02	7.6794513e-02	1.1995232e-02	7.4316904e-02	1.0832615e-01	-2.2606261e-02	1.7676096e-02	1.9420879e-02	-1.7875711e-03	-1.0484241e-02	-1.0537384e-01	-6.0624159e-03	5.5790175e-02	-4.4633485e-02	-1.3048674e-01	1.2958535e-02	-1.0270106e-01	2.7593534e-02	1.6898641e-01	-1.7819755e-02	3.6375660e-03	-1.1045041e-03	1.2141270e-01	6.4477295e-02	6.8702906e-02	1.6954385e-02	1.6307168e-02	-6.7511141e-02	-4.1262485e-02	4.6746397e-01	-4.3328207e-02	5.1340419e-01	2.1857347e-01	-1.2710640e-01	3.9426066e-02	-2.3035040e-01	2.9224119e-01	-9.7529121e-02	-2.9651586e-02	6.1909456e-02	-3.3389234e-03	1.3048056e-01	1.6163436e-01	4.6390790e-02	1.9233616e-02	7.4530847e-02	4.5244098e-02	7.7711523e-02	1.0345484e-01	-5.8146410e-02	-8.7984577e-02	4.3839902e-02	1.1343307e-01	1.2217341e-01	5.5604383e-02	9.9117965e-02	1.6365734e-01	2.3615543e-02	4.0872429e-02	9.2079885e-02	1.6621119e-01	1.8830800e-01	1.8039553e-01	7.7542014e-02	1.6773550e-02	4.5203742e-02	4.9930993e-02	3.6741681e-02	8.6405091e-03	1.1295648e-01	-3.2642388e-01	1.3077708e-01	3.9389126e-02	-7.6156169e-02	4.7582686e-02	2.4933005e-03	2.6691344e-01	3.1935075e-01	-8.8527977e-02	-1.8885215e-01	-2.3041593e-01	-1.6197006e-01	-3.6310624e-02	-3.7745640e-02	2.9431339e-02	-9.4090380e-02	-1.1811876e-01	-7.2450534e-04	1.1606671e-01	4.5973953e-02	-1.2901193e-02	-9.3449719e-02	-7.4423015e-02	-6.0964916e-03	-5.9794940e-02	2.7557330e-02	-1.7528396e-02	1.5616064e-02	2.5723843e-02	-6.5759979e-02	-3.2868113e-02	6.2786355e-03	-4.2752009e-02	-1.8584270e-02	3.1226339e-02	-1.2735733e-01	-3.2498129e-02	-1.0361119e-01	1.5367891e-02	9.0597384e-03	-1.0411877e-01	-7.9675756e-02	-7.4607469e-02	-2.2471280e-01	-5.3014702e-01	3.4354314e-01	-4.9329065e-02	3.7647840e-01	8.6101526e-03	-4.7739875e-02	-2.4593435e-02	-2.5977712e-02	-2.1971842e-02	-1.2829538e-01	-1.2479174e-01	-1.1757326e-01	-3.0551238e-02	-1.6196819e-02	-7.4955575e-02	-1.1640535e-01	-1.5648942e-01	-7.3462360e-02	3.1839121e-02	-4.9034558e-02	2.1523921e-02	7.5996488e-02	-8.9298291e-03	1.3679689e-01	1.7223347e-02	4.6947468e-02	1.0278645e-01	9.8681323e-02	8.1805840e-02	1.0241967e-01	1.9250473e-01	2.1008145e-02	-3.6897606e-03	6.1572354e-02	6.9599047e-02	1.5040673e-01	-1.9238256e-02	7.8210190e-02	3.2449137e-02	-1.3252196e-02	-3.1714928e-03	-4.3801676e-02	5.7497952e-02	-1.5676389e-03	-2.5553662e-01	1.4049144e-01	-2.5900597e-02	-2.9799640e-02	-1.5191165e-01	-9.0032130e-02	5.6187231e-02	7.0724368e-02	4.9013384e-03	-4.9959873e-03	-2.1306494e-02	3.2146338e-02	-1.0762076e-03	7.7631965e-02	1.1416518e-04	-5.1268577e-03	5.9999856e-03	7.3763043e-02	1.3792695e-01	7.9275429e-02	8.6830437e-02	-3.5911445e-02	-4.6486914e-02	1.8047176e-02	-5.2887369e-02	-5.2459627e-02	-1.1297254e-01	-2.1842107e-02	5.8862124e-02	1.0580090e-01	2.2349972e-02	8.1363022e-02	2.7129609e-02	-4.2960964e-02	1.1954009e-01	1.7530533e-02	7.7402547e-02	8.5367814e-02	4.0427636e-02	3.5215518e-05	-1.0479712e-03	-1.6000530e-01	5.0366767e-02	-1.4076103e-01	-5.6258440e-02	1.0447325e-02	-5.0602954e-02	4.9854912e-02	4.1139625e-02	-4.2327628e-02	-6.6284642e-02	4.9514268e-02	-2.5409923e-03	6.2234364e-02	-3.8569022e-02	3.0805491e-02	7.1874447e-02	1.4372757e-01	7.1405970e-02	3.6684304e-02	3.8527843e-02	1.5362084e-01	6.2764533e-02	9.9130988e-02	1.3869135e-01	4.4143658e-02	8.5835993e-02	-5.4811873e-02	7.7540390e-02	4.3426603e-02	1.5684290e-02	2.3886019e-02	3.6700774e-02	1.3056748e-02	9.5920317e-02	6.5814316e-02	1.2767382e-01	-7.4422508e-02	1.8877026e-01	1.5677550e-01	3.6770977e-02	5.4553069e-02	2.2037052e-01	5.0938372e-02	-1.9513108e-01	-1.5797733e-01	-1.4453037e-01	-1.2022886e-01	-7.0694439e-02	-9.3584701e-02	-1.5312438e-01	-1.1211762e-01	-1.0530622e-01	-1.4040016e-01	-1.5537523e-01	-1.2009130e-01	-1.1168047e-01	-1.0721275e-01	-9.0161830e-02	-1.1723300e-01	-9.3930356e-02	-1.1034723e-01	-1.5167217e-01	-3.2532521e-02	-3.1776860e-02	-5.2801494e-02	-5.4975105e-03	1.6611939e-02	1.2488942e-02	-6.9152102e-02	-1.3379760e-02	-7.9276428e-02	-3.4997158e-04	-1.9719973e-02	-9.0627760e-02	2.9483702e-02	2.0549584e-02	-6.2188573e-02	1.7039109e-02	2.4915891e-02	2.2158460e-01	1.1757620e-01	3.2836586e-02	1.2998343e-01	8.1021257e-02	1.3009925e-01	1.2452943e-01	1.4207679e-01	5.5354442e-02	2.1735329e-02	3.2067060e-02	4.7903471e-02	9.7184507e-03	-9.4694413e-02	-1.6145306e-02	-5.4346967e-02	-6.6319153e-02	-6.5212217e-03	8.7842382e-03	1.9305803e-02	-1.0895296e-02	6.5686675e-03	9.1014959e-02	-2.2257730e-02	3.0493233e-03	-7.0664920e-02	1.4633697e-02	-7.3050320e-02	-3.3810277e-02	-2.6299464e-02	2.5819506e-02	5.2511584e-02	-2.3139729e-03	-5.6755774e-02	-2.8632041e-02	4.3789797e-02	-4.2832162e-02	5.5427826e-03	2.0788305e-02	3.1078927e-02	2.0280408e-03	2.6341546e-02	5.8687218e-03	6.5020375e-02	-7.7389456e-02	-1.4045408e-03
-6.7875916e-01	6.1274081e-01	3.1332576e-01	-5.8525014e-01	-2.0964630e-01	2.9090232e-01	-7.5274296e-02	-6.6020322e-01	-3.9978126e-01	5.8539200e-01	-5.4192878e-02	-5.9202856e-01	3.7061748e-01	-3.1001899e-01	1.1664267e-01	-3.5842499e-01	-3.9341301e-01	2.4543405e-01	-2.4110167e-01	4.0138084e-01	3.6743984e-01	-6.5250170e-01	2.7277806e-01	3.6091635e-01	3.7358232e-02	2.4461871e-02	-1.8503232e-01	-1.1779435e-01	1.6370825e-01	1.6217171e-01	-2.5917074e-01	4.6836609e-01	-6.8030283e-02	-5.6596452e-01	1.3536794e-01	-2.3151308e-01	-4.0792257e-01	3.8881946e-01	-7.5975291e-02	3.3356020e-01	-2.4768758e-01	-1.7280707e-01	2.1279037e-01	-1.1074762e+00	-1.3943374e-01	-1.9095509e-01	1.1941644e-01	-5.0893956e-01	-2.7873728e-01	-3.2803002e-01	2.3705721e-01	-2.2983119e-01	-6.0433608e-02	-6.2263388e-02	5.0633192e-01	2.8099537e-01	-1.7702107e-01	2.4886265e-01	5.6028336e-01	4.5825571e-01	-2.5293231e-01	3.2843735e-02	1.4824727e-01	2.2192380e-01	-5.6682855e-01	2.8940153e-01	4.2603847e-01	-1.0909185e-01	4.7032755e-02	-1.9731615e-01	-3.4103915e-01	5.6019223e-01	-5.4545319e-01	-3.4818065e-01	-1.9407493e-01	1.3956749e-01	-4.0780395e-01	2.7011532e-01	5.2036583e-01	-3.9287439e-01	-3.1328654e-01	-5.2355754e-01	-2.1941386e-01	-2.8388472e-02	-3.7725300e-01	3.8707697e-01	-1.0891384e-01	-5.3017712e-01	-3.7272200e-02	-1.8947600e-01	2.7126974e-01	-8.5716563e-01	-8.5563451e-02	4.5361963e-01	4.2086506e-01	-6.0017729e-01	1.0068056e-01	-1.0594941e-02	-5.4455775e-01	-3.7235117e-01	-5.9958243e-01	7.2794132e-02	3.5981584e-01	-1.4030187e+00	-7.9438947e-02	2.6030296e-01	3.6416462e-01	-2.6166701e-01	3.6656320e-02	-2.5142759e-01	4.3307370e-01	-5.4029161e-01	-2.9576337e-01	6.8684024e-01	3.6705250e-01	3.3889365e-01	5.6780106e-01	-6.1897653e-01	-4.4419944e-01	4.4337526e-01	7.6977707e-02	-2.3514621e-01	6.0381919e-01	5.3681862e-01	3.9893097e-01	2.1994711e-01	-9.9775419e-02	4.1146404e-01	-2.0658247e-01	1.7754938e-01	-2.5564218e-01	-2.4361968e-01	5.9808099e-01	-2.9009199e-01	4.3673521e-01	9.4366364e-02	-5.1007438e-03	1.1309323e-01	2.5655207e-01	-3.6249748e-01	3.8319427e-01	3.7231661e-02	5.2387279e-02	2.5177237e-01
-9.4450885e-01	3.1963104e-01	4.9925506e-01	-7.8866166e-01	8.2125783e-02	3.0383441e-01	5.0374097e-03	-1.2047737e-01	1.1731383e-02	3.6199200e-01	-1.3301051e-01	-4.6825416e-02	2.7734220e-01	-1.7391121e-01	-4.3013346e-01	1.7847218e-01	-7.7130370e-02	4.1552919e-01	2.9109171e-01	4.3666150e-02	1.4867699e-01	-5.4638350e-01	2.1890092e-01	4.4666025e-01	8.6062980e-01	-2.3422316e-01	8.8267319e-02	3.6837089e-01	-6.5464422e-02	-2.6037043e-01	1.3102579e-01	3.8073519e-01	-2.5127450e-01	-5.1988697e-01	5.8530611e-01	2.3687021e-01	-3.6297539e-01	2.3398384e-01	-2.3731939e-01	-5.2102160e-01	-6.1129384e-02	-1.3926430e+00	-5.2152073e-01	-8.8253093e-01	-9.2117965e-01	-4.4923761e-01	2.6687846e-01	4.9890637e-01	-7.6198608e-01	3.7764657e-01	1.8349770e-01	-7.3760873e-01	4.2992905e-01	3.3756289e-01	3.8623369e-01	-5.2800274e-01	-3.3560103e-01	7.6836216e-01	1.5505500e-01	3.2608551e-01	3.5850424e-01	-1.0417064e-01	-5.8965498e-01	-2.5626559e-02	3.4536645e-01	-2.3485242e-01	-6.0058975e-01	6.3484448e-01	4.7913951e-01	-8.2242489e-01	1.3549459e-02	-2.8435645e-01	-6.5523851e-01	2.4364083e-01	4.8935521e-01	-3.3328861e-01	3.9532596e-01	-6.3681351e-03	5.0424117e-01	-4.4869819e-01	-5.7661176e-01	2.8614995e-01	-1.4355014e-01	1.2814385e-01	-6.6225350e-01	3.8023713e-01	2.9995435e-01	5.0312799e-01	5.4892337e-01	-4.6108520e-01	7.7278888e-01	1.4755981e-02	7.5029474e-01	6.1419165e-01	-3.0767477e-01	6.4320974e-02	-7.8112042e-01	6.5275645e-01	4.1185713e-01	-1.7800120e-01	2.3142619e-01	-2.8973391e-02	-1.2411306e-01	-2.9071358e-01	-4.7381333e-01	4.1002679e-01	-1.9464286e-01	-6.8047129e-02	8.9624059e-01	-9.4645387e-03	-3.8733491e-01	-9.4008140e-02	4.2462873e-01	9.4049376e-01	4.4994894e-02	1.2101933e-01	6.7873043e-01	-4.2348389e-02	2.5967324e-01	2.5619152e-01	1.1852656e-01	-2.7218011e-01	-6.7430043e-01	4.1867852e-01	3.9380798e-01	-9.1775185e-01	-3.2261974e-01	5.1870388e-01	-1.5093854e-01	-2.4151696e-01	6.9740784e-01	-1.1453068e-01	-1.3921601e-01	-6.8782049e-01	-3.9564627e-01	2.3067614e-01	4.2521280e-01	-1.3746849e+00	2.6506349e-01	-5.4352993e-01	-5.7587206e-01	4.9365275e-02	4.5926893e-01	-4.8841995e-01
1.2306522e-02	5.5502099e-01	-1.0909435e-01	-5.5357575e-01	-2.1385774e-03	-2.5824583e-01	-5.6547225e-01	-3.9107302e-01	-3.0019224e-01	1.4828473e-01	-6.8722045e-01	-3.9950895e-01	4.1807637e-01	3.6480978e-01	-2.3315287e-01	1.7767139e-01	4.1064829e-01	-6.7358181e-02	3.9654094e-01	4.4349214e-01	9.7920917e-02	3.6359930e-01	-5.8383077e-01	-3.1567171e-01	-6.6969359e-01	1.9518536e-01	-1.3772671e-01	1.1111429e-01	-5.7489258e-01	7.0708555e-01	-5.0190872e-01	3.1537220e-01	-6.2343818e-01	1.2875177e-01	4.8652306e-01	-3.2919770e-01	1.2341325e-01	-4.2618643e-02	-2.6624304e-01	-3.2355252e-01	5.8857316e-01	-2.9203641e-01	5.1228184e-01	2.9053172e-01	7.6794676e-02	-1.9186190e-01	-3.4951743e-01	-4.1101086e-01	-6.0480632e-02	3.7885442e-01	4.7954777e-01	-2.1802011e-01	-3.8150638e-01	5.9080946e-01	6.3586064e-02	2.6326719e-01	2.2624570e-01	3.0880472e-01	-3.2143709e-01	-3.8531381e-01	8.9563280e-01	-5.6571895e-01	-5.6415868e-01	-4.3035245e-01	6.9777638e-01	-3.0767247e-01	1.5753584e-01	4.0210998e-01	6.3854295e-01	7.6601580e-02	-4.9113405e-01	-5.7239503e-01	1.4098839e-01	4.9739322e-01	3.1222478e-01	-6.7734398e-02	-3.5395738e-01	-3.4964406e-01	1.0943378e-01	-2.1202470e-01	2.8068498e-01	1.8146025e-01	-4.5980000e-01	3.8609871e-01	-8.5741574e-01	4.6755114e-01	3.8587680e-01	-3.3992654e-01	-2.3531145e-01	2.6190671e-01	-2.9104489e-01	3.0488205e-01	-3.3427155e-01	4.8938251e-01	2.5727347e-01	-5.3842503e-01	1.4041503e-02	3.8090318e-01	-5.3659713e-01	2.5252807e-01	3.4357324e-01	3.6207683e-02	-7.5373632e-01	4.5016333e-01	-1.0139047e-02	1.5748246e-01	-4.2081878e-01	-6.3965797e-01	-6.9431400e-01	3.8679740e-01	5.1095140e-01	-5.0080228e-01	-4.9216762e-01	3.0755887e-02	-8.5818374e-01	3.6882147e-01	-8.3156550e-01	-8.6669579e-02	5.7308280e-01	1.5726879e-01	-4.7607547e-01	-1.3601315e-01	1.0384060e-01	5.3792018e-01	-2.9405895e-01	4.0297750e-01	6.2649477e-01	-3.2315859e-01	5.0661129e-01	-1.8709762e-02	-2.4044304e-01	-5.4523683e-01	-3.1736609e-01	8.4650344e-01	-1.2567359e-01	-8.9261544e-01	2.9930750e-01	3.7267011e-01	7.6614298e-02	3.7647447e-01	2.4124481e-01	5.5824256e-01	1.5742148e-01	-5.9661165e-02
6.1502147e-01	-1.8433259e-01	9.1653228e-02	5.8258623e-02	-3.3970788e-01	2.1071364e-01	-7.0277356e-02	-2.5860426e-01	3.0381402e-02	4.8150072e-01	-1.6929471e-01	-1.9515347e-01	-2.5047116e-02	1.8078922e-01	-4.4670776e-01	-5.4330960e-02	-3.3559746e-01	8.5339569e-02	5.1506644e-01	-6.3326019e-01	-2.5462031e-01	-7.7320462e-01	4.0386993e-01	-6.6170365e-01	-1.3058101e-01	-3.2065871e-01	-5.8701074e-01	8.4033534e-02	-1.0014669e+00	4.9294868e-01	3.3623791e-01	-8.0596340e-01	-1.0813464e+00	-1.2074113e-01	1.9303334e-01	-7.5914955e-01	2.1428820e-01	3.2713324e-01	-1.9669140e-02	4.0944335e-01	-1.5936057e-01	-2.9183459e-01	4.8268864e-01	5.2610427e-01	-1.4824563e-01	-5.7047826e-01	-9.0647750e-02	4.9402973e-01	-2.5523278e-01	-6.5920943e-01	5.8678383e-01	-8.8478619e-01	1.2931094e-01	-5.3968489e-01	1.0775603e-01	2.9186898e-01	-7.1824655e-02	9.6831393e-01	3.4385586e-01	1.5540540e-01	9.8035946e-02	-7.6796728e-01	6.7975879e-01	-6.0112101e-01	5.9886909e-01	-6.6882926e-01	7.2710641e-02	6.1069751e-01	2.7240849e-01	7.4319381e-01	6.7833292e-01	2.4011198e-02	1.5419470e-01	1.0831668e-02	6.1345446e-01	-2.7222267e-01	7.2644174e-01	3.4126642e-01	2.1040170e-02	-1.4549871e-01	6.2038165e-01	1.9135328e-01	3.7025625e-01	-1.9175002e-01	-2.7092379e-01	2.9505512e-01	-6.2665053e-02	-5.8824103e-02	-5.0114220e-01	4.5043054e-01	1.8012542e-02	2.4989356e-01	3.4049562e-01	-7.1044606e-01	2.8921409e-02	-9.8257497e-02	3.7983245e-01	-1.7558688e-01	-1.6139422e-01	4.3537819e-01	3.9482170e-01	5.3257644e-01	2.5872272e-03	-3.1753895e-01	2.3878357e-01	-6.8968260e-01	-1.9016340e-01	-3.0944965e-04	3.4185383e-01	9.2994101e-02	-8.7090142e-02	-8.8986121e-02	2.4456179e-03	-2.0683506e-01	-8.4945105e-02	-2.1847521e-01	2.3021007e-01	6.3786680e-01	-1.8087775e-01	-5.2696002e-01	-2.7239236e-01	-2.0365644e-01	-2.5512981e-01	-2.7760744e-01	-3.8612562e-01	-4.5078999e-01	-5.9025969e-02	2.6921913e-01	-7.7286422e-01	-3.3245838e-01	-3.1052986e-01	5.0220227e-01	-7.3932797e-01	3.3783212e-01	-5.1499438e-01	2.5112191e-01	-1.8623662e-01	6.0726649e-01	2.6655136e-02	7.4037887e-02	-8.5010040e-01	-2.5151116e-01	4.8041251e-01	-6.4561635e-02
-1.3918969e-01	1.6676354e-01	3.0410141e-01	-2.1558373e-01	4.5419398e-01	-3.1922735e-02	-3.9880097e-01	-5.0459599e-01	3.0986458e-01	-2.3263675e-01	1.7458729e-01	-1.4187641e-01	2.5423911e-01	-6.2601060e-01	4.0326476e-02	4.2153710e-01	-1.0186391e+00	-4.8095626e-01	3.8622043e-01	5.4234254e-01	6.0502285e-01	1.9604750e-01	-2.1303646e-01	-9.9341249e-01	2.0261322e-01	3.8850668e-01	1.9096053e-01	-3.2010856e-01	-7.7915996e-01	-7.4486154e-01	2.0173164e-01	-6.8344377e-02	-1.1051242e-01	1.4864498e-01	3.1071749e-01	-4.8880931e-02	-3.6763489e-01	-4.3481827e-02	-5.4147112e-01	4.9046183e-01	-1.2278939e+00	-5.1455373e-01	2.4258770e-01	4.9330432e-02	6.5477037e-01	-2.6313314e-01	-7.9593080e-01	-8.0851781e-01	-2.6773012e-01	-5.7490689e-01	-3.3702418e-01	-1.3868311e-01	5.1097119e-01	8.3231592e-01	4.2449677e-01	-1.2522471e+00	-1.2323483e+00	-2.4255319e-01	9.1338605e-03	2.1461800e-01	6.1244890e-03	-5.3168237e-02	-5.3516831e-02	5.6566387e-02	-4.8852071e-02	-2.2342461e-01	1.2619899e-01	1.4751492e-01	4.6766719e-01	-1.8036553e-01	-5.4477626e-01	-3.2227144e-01	1.4322636e-01	-7.7066505e-01	-6.8431622e-01	3.6253569e-01	8.8730609e-01	8.2867444e-01	8.2939133e-02	-8.7475163e-01	-9.5862508e-01	1.9346704e-01	2.1413982e-01	3.8327727e-01	-8.5275128e-02	-4.0593529e-01	2.6787382e-01	-3.6880314e-01	1.2590329e-01	-2.6362890e-01	-3.0859998e-01	3.6090198e-01	7.8309387e-02	3.5832191e-01	3.5335836e-01	-2.9445267e-01	3.7572390e-01	-3.0605748e-01	-5.3374809e-01	4.3170318e-01	-6.8852866e-01	-2.2280589e-02	-4.1124573e-01	5.0634021e-01	2.6557603e-01	-7.3497660e-02	2.0940341e-01	-4.5486933e-01	9.0398088e-02	3.4282121e-01	-1.9429596e-01	-5.3693694e-01	1.5644240e-01	-2.1990342e-01	-5.7220167e-01	1.4518289e-01	1.7358668e-01	3.8997880e-01	-1.7431237e-01	-5.2635318e-01	-2.1754901e-01	4.4723505e-01	3.5819232e-01	9.2684552e-02	4.6232307e-01	5.2868193e-01	-2.6260373e-01	2.4779813e-01	-2.2987314e-01	1.6813172e-01	2.6889477e-02	3.2262579e-01	4.3975806e-01	-1.3739964e-01	-4.6210560e-01	1.2513560e-01	-1.0205199e+00	1.4328986e-01	-2.2312919e-02	3.8275200e-01	2.1620706e-01	-4.9410933e-01	-2.2387823e-01	3.5749041e-02
-3.2402631e-02	1.0984634e+00	2.4153763e-01	1.1544505e+00	-9.0909451e-01	4.5122325e-01	-1.2002088e+00	4.1562822e-01	6.8566352e-01	7.1486121e-01	-9.9256539e-01	8.1191701e-01
