13
input	107
dense	8
leakyrelu	0.10000000149011612
dense	8
leakyrelu	0.10000000149011612
dense	8
leakyrelu	0.10000000149011612
dense	8
leakyrelu	0.10000000149011612
dense	8
leakyrelu	0.10000000149011612
dense	1
linear	0
0.00020589114865288138
1.0067791e-02	4.3880081e-01	-9.4632074e-02	9.7698174e-02	1.7242944e-02	-1.6231164e-02	7.3520131e-02	6.8761408e-02
8.3297305e-02	2.3210302e-01	7.4434472e-04	-5.6634746e-02	7.5548284e-02	3.8004786e-02	-3.5506379e-02	7.1273699e-02
8.7769039e-02	-5.5495888e-02	5.5824727e-02	1.8192251e-01	9.4892964e-02	4.9855642e-02	5.2092079e-02	1.9300695e-01
1.5294892e-02	2.2918196e-01	8.0268018e-02	-9.2515409e-02	-1.0883559e-01	-1.6412959e-01	8.2664981e-02	-1.0981605e-01
9.8404862e-02	7.5645521e-03	-3.1334501e-02	1.2788102e-01	6.6373356e-02	3.6141943e-02	5.4243986e-02	1.0586681e-01
9.9965982e-02
5.6493845e-02	-2.8577458e-02	1.0335471e-02	-7.7768736e-02	2.4521248e-02	8.2136234e-03	-1.3304769e-02	-7.1617723e-02	3.0419616e-02	4.6323806e-02	5.0313450e-02	-3.4606930e-02	2.0600684e-02	-9.2924554e-03	8.1211207e-03	1.2256142e-02	-3.8967550e-02	-4.7866578e-04	-3.1309262e-02	-9.0551056e-04	-5.7170191e-03	3.5317931e-02	-1.7493203e-03	6.1391968e-02	-8.9277029e-02	4.8168413e-03	3.0691133e-04	-9.1282651e-02	1.7573407e-02	-6.3215569e-02	3.1271975e-02	9.9745788e-02	-2.1820873e-02	1.5178406e-02	-3.0042855e-02	2.1161597e-02	-6.4848654e-02	-3.4741160e-02	-8.7259732e-02	-1.1216924e-01	2.0112704e-02	1.6249686e-02	4.9903691e-02	-2.6513143e-02	5.6050826e-02	7.0503749e-02	8.4220722e-02	4.0445015e-02	-1.7737312e-02	6.3743321e-03	-7.5337687e-04	-2.1071669e-02	4.1816980e-02	-1.1032781e-02	5.3992197e-02	-4.3882201e-03	3.0822970e-02	-1.0321056e-01	3.6671743e-02	-8.8476554e-02	7.6117143e-02	3.5085686e-02	4.1708533e-02	-3.2065939e-02	6.8092987e-02	7.0363857e-02	-2.3768636e-04	2.3406285e-03	-1.0108306e-01	2.7972274e-02	1.7839674e-02	-3.0885901e-02	1.3728478e-02	7.1819738e-02	-5.1732007e-02	3.7913963e-02	5.5879182e-03	6.4865206e-03	-1.1615842e-02	7.4402057e-02	2.7367027e-02	-1.1055322e-02	-1.6171326e-03	-9.3846917e-03	1.0533383e-02	-3.2182159e-03	-6.6265404e-02	-2.7392976e-02	-1.5779797e-02	-3.6119897e-02	-3.5622619e-02	-2.0838805e-02	6.7622311e-02	1.2022689e-02	-3.2570761e-02	-4.2832088e-02	-1.8753586e-02	-5.6174446e-02	2.2925926e-02	-2.5085062e-01	-1.7882401e-02	5.9067916e-02	2.8698376e-01	7.1026713e-02	4.1257568e-02	-1.4551991e-03	3.0805355e-01	7.2387978e-02	-1.1677374e-01	3.7353534e-02	2.8173013e-03	-3.6729854e-02	-1.2891769e-02	2.1312878e-02	-2.1250954e-02	5.1220834e-02	-8.7388493e-03	-5.4205399e-02	-3.1100446e-03	-1.8840404e-02	3.1487238e-02	9.9220313e-03	-2.9863141e-02	-2.9560398e-02	2.5993831e-02	-7.1415894e-02	9.1819502e-02	8.8944063e-02	9.9386565e-02	-5.1724389e-02	4.9357977e-02	-1.1551750e-01	-1.2303901e-01	-8.9399613e-02	2.4956193e-02	3.8594928e-02	6.4559653e-02	-2.1499569e-02	8.6106576e-02	-3.5030339e-02	4.1908503e-02	-2.9971071e-02	-6.8667375e-02	-1.4580071e-02	-5.1790118e-02	1.3668156e-02	-5.5846442e-02	-6.9169737e-02	5.3369582e-02	8.5698411e-02	-5.2885320e-02	-3.0238360e-02	-7.9301976e-02	-1.0917830e-01	-3.5681944e-02	-6.2672354e-02	-1.3726218e-01	-1.2420571e-02	-4.2287424e-02	-1.1070229e-01	-1.1433934e-02	5.2435417e-03	1.4623041e-03	1.5792580e-02	4.9597032e-02	7.8003891e-02	7.5994715e-02	1.5341917e-01	4.8801817e-02	1.4491692e-01	1.2444290e-01	1.7921802e-01	8.0985859e-02	1.2676232e-02	-4.0071759e-02	-1.3090219e-02	-9.2076868e-02	-2.5491478e-02	1.6254693e-02	2.1203460e-02	2.0952635e-02	1.5626267e-02	3.6012642e-02	-1.7611979e-02	-3.4982380e-03	-3.9805621e-02	4.3793064e-02	4.8927024e-02	3.4606069e-02	-5.4696746e-02	4.0030563e-03	5.6941181e-02	-7.8632921e-02	-2.8965084e-02	-4.8233267e-02	2.1243218e-02	9.8461956e-02	-7.8292288e-02	1.4378922e-02	7.3627472e-02	4.9127741e-03	1.7816018e-02	-5.2118156e-02	-4.3805834e-02	-2.6088141e-02	5.8195401e-02	-2.1662910e-01	-3.5486057e-01	4.6330059e-01	-2.4081939e-01	8.5146308e-02	-1.0896968e-01	6.3504592e-02	1.5323609e-01	9.6950317e-03	4.4420209e-02	-9.5312998e-02	1.4394035e-02	4.9629528e-02	-2.3076909e-02	9.8697580e-03	2.6784677e-02	-5.7203155e-02	2.3430947e-02	-1.1768723e-02	-3.2272413e-02	5.1339529e-02	-2.3690563e-02	6.8781925e-03	-6.8769460e-03	1.5517200e-02	-4.3095224e-02	7.2983868e-02	-4.5395706e-02	3.3406403e-02	-8.7311231e-02	7.6488413e-02	-3.9158832e-02	1.2298887e-02	-1.4347664e-02	-3.5963836e-03	3.9947182e-02	-4.7363892e-02	5.3148188e-02	-3.0347168e-02	-5.9289508e-02	5.7117525e-02	-8.5607292e-03	3.3974510e-02	2.7190054e-02	-6.9271915e-02	-3.4388687e-02	4.1779578e-02	-1.4913982e-02	-7.8052565e-02	-1.3353632e-01	-3.4279186e-02	1.0896259e-01	-7.0330717e-02	-3.0458828e-03	-4.0974338e-02	1.2481716e-01	2.0053200e-03	2.5908874e-02	1.9946434e-02	1.1148364e-01	-2.7277131e-04	3.3875272e-02	4.2409278e-03	4.1153394e-02	3.0609383e-03	-7.4167207e-02	1.2599139e-02	-1.8596254e-02	3.1819593e-02	1.8727588e-02	-6.6761702e-02	1.1511569e-02	-8.1137091e-02	5.1990025e-02	-4.3616641e-02	-8.4651532e-03	8.3362333e-02	3.5509620e-02	-8.7316372e-02	4.4211406e-02	7.4335802e-03	-1.7811459e-02	-3.6745216e-03	-6.6108644e-02	-4.1353926e-02	4.8257854e-02	-3.9802874e-03	-7.3319343e-03	-8.3498191e-04	1.7989745e-02	7.9220794e-02	3.3448804e-02	7.3645651e-02	-3.7861593e-02	7.9745222e-03	-6.5284021e-02	-2.5071003e-03	9.7480677e-02	-4.3769363e-02	7.8121275e-02	4.4741720e-02	-4.9428046e-02	5.8166854e-02	-4.8049111e-02	1.4008633e-02	-8.9981936e-02	9.3790777e-03	2.6664260e-01	3.5811970e-01	2.4838643e-01	2.1652986e-01	-1.0846800e-01	-2.3425009e-02	-3.0150006e-02	1.9078545e-01	7.1908325e-02	-2.9728640e-02	2.9625259e-02	-1.3319910e-01	6.0519442e-02	-5.9994139e-02	1.3186370e-02	3.9703444e-02	-1.7110549e-02	-5.8109179e-04	8.5523583e-02	5.0365064e-02	-1.2846467e-02	-3.4734145e-02	8.3464153e-02	3.0761843e-03	-1.0987733e-01	1.1027119e-02	-2.0101540e-02	-7.2515436e-02	-3.7000954e-02	-8.3204582e-02	3.9219595e-02	6.6998214e-02	2.2184143e-03	9.3857169e-02	3.9517969e-02	-3.8349714e-02	-7.4134044e-02	-1.0474504e-01	9.6622288e-02	1.0118281e-02	3.3289481e-02	-2.1909617e-02	9.1040157e-02	-4.8051067e-02	-3.4028325e-02	5.3298604e-02	-3.5058644e-02	-8.7650053e-02	7.5529359e-02	-1.7012928e-02	-3.7134871e-02	2.2946529e-02	-2.6478769e-02	1.8437667e-03	-1.3986820e-02	4.6873346e-02	1.6050836e-02	-8.0632478e-02	-3.0136466e-02	4.2693667e-02	-8.5842032e-03	3.1009195e-02	3.0603863e-02	5.1762503e-02	2.6364574e-02	2.4048131e-02	6.0721166e-03	3.7686054e-02	1.0379350e-02	-1.1386654e-02	4.7088526e-02	5.0812788e-02	6.7803100e-02	-4.5679092e-02	-2.5945075e-02	-1.1724249e-03	5.7142816e-02	1.0011597e-01	6.1960068e-02	-5.5969179e-02	4.0878627e-02	-6.9871128e-02	-2.7088195e-02	-3.9856680e-02	2.4521474e-02	-2.6624436e-02	-4.4924453e-02	2.3493495e-02	2.7447874e-02	2.5055315e-02	-2.3918975e-02	1.1120530e-01	-2.6216637e-03	-6.6236675e-02	-3.1797428e-02	-7.4170038e-02	4.5169510e-02	-8.2737811e-02	-2.5246363e-02	-7.2528206e-02	-1.9193886e-02	3.2755643e-02	-7.7067427e-03	2.5259133e-02	-1.6389059e-02	6.3437633e-02	1.2304156e-01	3.2707170e-01	2.6451904e-02	5.3535342e-02	-4.2791137e-01	4.5361286e-03	1.0537038e-01	9.0709934e-03	-1.7102005e-01	-1.4398893e-02	1.1795621e-01	-2.8659565e-02	1.7495517e-02	-9.4295844e-02	-1.5643014e-02	-1.0976261e-02	1.0594807e-02	-7.9890024e-03	3.1299032e-02	2.0408908e-02	1.9429198e-02	6.8540893e-02	1.3175734e-02	-6.3692637e-02	-3.0985985e-02	-3.1769946e-02	4.6015162e-02	2.7223809e-02	-3.1220013e-02	-8.0725588e-02	8.1830010e-02	8.0579724e-03	2.9915888e-02	6.8811700e-04	-9.3695544e-02	5.6885820e-02	-7.4446477e-02	5.7057645e-03	2.1285652e-03	6.0317595e-02	-2.6155729e-02	2.4814291e-02	-1.6768463e-02	-4.5062304e-02	3.3602122e-02	1.3183284e-01	-1.9415485e-02	-2.2491449e-02	-1.9575140e-02	7.3225349e-02	-5.5450205e-02	-1.6729277e-02	-1.7199479e-03	-3.5300903e-02	9.2673264e-02	1.1903315e-02	-4.9869320e-03	-7.7233757e-03	-9.2106713e-03	3.4265198e-02	-5.8208399e-02	7.6330341e-02	1.7273108e-02	-5.8342051e-03	-1.0270964e-02	-1.6164575e-02	-7.6686563e-03	5.1318265e-02	9.2141088e-03	8.0982126e-02	-5.3799704e-02	7.4448809e-02	1.0312930e-02	7.4412995e-03	-7.0320234e-02	4.6574961e-02	-2.3021327e-02	-1.0953118e-02	8.2714837e-03	3.9342376e-03	-2.1283008e-02	9.8818159e-03	7.9579137e-02	-4.1067619e-02	1.1950082e-02	4.5001600e-02	4.9909990e-02	-6.1768688e-02	3.3078045e-02	9.3903132e-02	-3.2917798e-02	-6.7885980e-02	-1.7444782e-02	-5.4899957e-02	-3.1017268e-02	-1.2949555e-01	-1.0628416e-01	-9.9564031e-02	-3.1905606e-02	-1.2545266e-02	8.1485853e-02	5.4598805e-02	4.6343621e-02	1.3772913e-02	9.7730301e-02	7.2235420e-02	-7.5689740e-02	8.6149812e-02	4.7685248e-01	-6.3881361e-01	2.1193672e-02	-6.5048732e-02	-1.0809730e-01	-7.7399261e-02	9.0142032e-03	2.4781603e-01	-1.0232399e-01	9.6170329e-02	-1.8579893e-02	-7.2336989e-03	8.8047944e-02	-4.7332577e-02	2.2729598e-02	-1.9214101e-02	1.7461561e-02	-8.5352950e-02	-2.8487861e-02	-3.0896071e-02	8.5366471e-03	3.4425721e-02	3.7453793e-02	2.8203119e-02	1.3269288e-03	-3.6727246e-02	3.0434630e-03	2.0172441e-02	1.3360939e-02	-2.2632768e-03	-3.3744499e-02	-1.4520535e-02	-5.9304917e-03	5.9059903e-02	1.5901652e-03	2.6765216e-02	3.6860132e-03	-2.9264856e-02	2.2420904e-02	5.8648143e-02	-8.3396085e-02	-4.2228453e-02	5.8884013e-02	7.1155608e-02	4.9958177e-02	-9.7693756e-02	1.2777021e-02	2.5222972e-02	3.5369199e-02	-2.0364806e-02	-1.8855924e-02	-5.7512406e-02	-4.0412247e-02	-8.6741865e-02	9.2282360e-03	4.0786192e-03	-7.4755341e-02	-5.9804868e-02	-3.9924767e-02	-1.4856948e-02	-1.0731757e-01	1.2789722e-02	3.4581609e-02	4.8953079e-02	-2.6793037e-02	2.9457508e-02	-2.9602844e-02	3.9144172e-03	3.7041690e-02	-3.9526198e-02	7.2197467e-02	7.9016440e-02	-5.2956250e-02	1.7362222e-02	-3.7681408e-02	1.8176647e-02	9.3933739e-02	-8.1290804e-02	-7.0727430e-03	4.0111858e-02	2.4514854e-02	-9.9302113e-02	5.9201214e-02	-8.4477566e-02	-3.4850428e-03	-2.3240341e-02	-3.3495251e-02	2.0279059e-02	-8.1712211e-04	7.2582230e-02	1.1252190e-02	2.6072960e-02	5.2983668e-02	-4.1410804e-02	2.3078194e-02	-3.0455051e-02	-1.2749561e-02	-6.5620504e-02	-1.3284689e-02	6.4729536e-03	-3.1216633e-02	1.0623915e-01	-5.6284312e-02	4.2733746e-03	7.3090382e-02	-1.4230986e-01	9.2571184e-02	-1.2859042e-01	-1.2431042e-01	1.5981402e-01	3.3845297e-01	-2.1197345e-02	-5.9546150e-02	-7.3464990e-02	3.4768316e-01	-2.9721588e-02	6.9612779e-02	5.0801490e-03	-8.3674407e-03	-2.4970017e-02	2.8596397e-02	-1.0301236e-01	6.2233739e-02	-8.5526407e-02	-2.7278686e-02	4.1272957e-02	1.9989992e-02	-4.0056828e-02	-1.5303629e-02	-5.2348781e-02	-2.3081393e-03	1.7643747e-03	3.0766174e-02	1.3874882e-01	5.8830943e-02	3.8116697e-02	-8.9820363e-02	-3.4217861e-02	1.0299428e-02	-4.9858019e-02	-9.4285104e-03	1.4186201e-02	-4.8668653e-02	-2.1436717e-02	2.9451253e-02	-2.1169616e-02	2.5004342e-02	1.9633766e-02	-6.5582409e-03	-5.5030365e-02	3.4485538e-03	-5.9755858e-02	-7.7516325e-02	1.3583900e-02	7.0358422e-03	-5.1107872e-02	-2.9599939e-02	-9.8461613e-02	2.8802751e-02	-1.9552834e-02	-1.3163798e-02	6.7880638e-03	-4.4654094e-02	-8.0757134e-02	6.1574638e-02	-3.9688073e-02	-9.8444391e-03	4.5100838e-02	-3.8673371e-02	4.5029514e-02	4.2401299e-02	-1.4566151e-02	2.3977263e-02	-1.4940231e-02	2.3183733e-02	6.3173443e-02	1.2678369e-02	6.3703552e-02	1.6939518e-01	1.4934315e-02	1.1320613e-02	-6.5130115e-02	2.3796266e-02	-1.7141685e-02	-7.0817426e-02	4.2830766e-03	-2.5942286e-02	4.1450793e-03	-8.1772037e-02	1.4130145e-04	-3.1746745e-02	-2.3922276e-02	-9.9007495e-02	5.7990152e-02	9.0924121e-02	-1.5264528e-02	6.0393933e-02	9.3910068e-02	4.5974795e-02	-8.6938171e-03	-3.0980775e-02	6.8755925e-02	-3.0448198e-02	-2.3554265e-02	-5.2996222e-02	-5.0989985e-02	9.1547417e-03	-6.8552740e-02	-1.5541953e-02	5.3673987e-03	-7.8091666e-02	1.5211220e-02	-1.3431463e-02	-4.9000982e-02	2.0745312e-01	1.2281523e-02	-8.5335873e-02	-1.1490413e-01	5.9169006e-02	-8.5934130e-03	1.1115252e-01	-2.6837805e-01	7.4459247e-02	-4.9532298e-02	7.0187159e-02	-5.0306033e-02	7.5140379e-02	-6.2224649e-02	-7.4733861e-02	1.2778807e-02	1.7120616e-03	2.2328733e-03	5.0935633e-02	-1.0075632e-01	-4.3744784e-02	3.7677832e-02	1.5199149e-02	9.6176483e-02	7.7636638e-03	-9.6108697e-02	-1.4065139e-01	-5.5656359e-02	3.1020353e-02	4.2485677e-02	1.1400795e-01	6.8803996e-02	1.2503941e-02	-1.5509294e-02	-9.1591485e-02	-1.1237786e-01	-1.0131030e-01	3.3530712e-02	8.0495663e-02	-2.3134109e-02	-1.9546658e-02	8.0077529e-02	-5.0620537e-02	-8.3984546e-02	1.6835302e-02	-4.0019762e-02	-3.1322852e-02	6.9004670e-02	1.2141142e-01	2.0397991e-02	2.7125990e-02	3.7070710e-02	9.7583555e-02	-1.0895004e-02	-7.3132649e-02	3.6869664e-02	-8.1784442e-02	9.3844971e-03	-1.8393855e-04	-1.3281122e-01	4.6242211e-02	-7.3172882e-02	-6.8778604e-02	1.2574819e-02	-9.7255342e-02	-1.3616432e-01	3.8068905e-02	-6.4850412e-04	-8.1302874e-02	-5.9095849e-03	-5.9180977e-03	3.4750775e-02	3.9148398e-02	2.0454777e-02	-3.8882025e-02	3.8512923e-02	-3.6571950e-02	-1.6511006e-02	7.4175060e-02	-1.7778185e-01	-2.4446978e-03	6.8212643e-02	-5.3119357e-03	-9.4603291e-03	1.3884668e-02	1.5302188e-02	1.9177288e-02	-8.9257807e-03	4.4097666e-02	2.9503526e-03	4.9956843e-02	-2.6757365e-02	1.9884255e-02	-1.4231551e-02	-2.0810487e-02	5.0453708e-02	-4.5009670e-03	5.0042056e-02	-7.2809667e-03	-3.9337490e-02	-3.3836283e-02	-1.6117850e-02	2.1528257e-02	-4.5004845e-02	-4.7361761e-02	4.3648485e-02	-2.8716892e-02	4.6933794e-01	-5.3932232e-01	-4.5999672e-04	-2.6198250e-01	6.2046107e-02	-9.4595095e-03	-1.2485532e-01	3.3506140e-02
-1.0714602e-01	5.2534777e-01	-2.8865117e-01	4.0980682e-01	4.8022652e-01	-1.7784214e-01	-2.7421983e-02	1.4421862e-01	-4.6828875e-01	6.4259273e-01	-6.4091307e-01	-1.3870835e-01	8.5543823e-01	9.1131739e-02	2.2630064e-01	5.9825790e-01	6.1945361e-01	1.1584263e-01	4.1681656e-01	-4.6445665e-01	1.9413593e-01	4.7663581e-02	-3.9215085e-01	-5.1376849e-01	-2.8660509e-01	-5.7930738e-01	6.3475490e-01	6.7522264e-01	1.1106018e-01	-1.0708889e-02	1.7442342e-02	-3.9670435e-01	6.5045321e-01	4.5825699e-01	-8.1280746e-02	-3.9470619e-01	3.7960073e-01	6.4012074e-01	-4.3533117e-01	-3.0602524e-01	-3.9378434e-01	3.2433707e-01	4.1959170e-01	3.4422705e-01	-4.2260656e-01	-4.5171720e-01	2.4370691e-01	-8.7658817e-01	-4.6755490e-01	4.8423019e-01	7.0257860e-01	-5.0274694e-01	-3.9767176e-01	-5.6551430e-02	-3.9235330e-01	1.2835380e-01	-5.5466492e-02	5.4912871e-01	-3.8664135e-01	1.3214955e-01	-6.9207352e-01	2.2015642e-02	2.4695352e-01	-3.7140933e-01
-6.1673135e-01	-8.3628112e-01	-3.3603236e-01	-3.0912895e-02	1.5199618e-01	-3.3814448e-01	-7.2728837e-01	-8.2216716e-01	-5.3308380e-01	-5.6111026e-01	6.3850230e-01	-8.1506185e-02	-6.1021708e-02	1.9581820e-01	-1.1891323e-01	4.4504890e-01	3.0538148e-01	2.8629190e-01	-4.3141010e-01	6.2830126e-01	-4.1841604e-02	-2.1675771e-01	3.4860891e-01	-1.0014019e+00	3.1154785e-01	2.3104608e-01	-5.2257276e-01	-8.0997509e-01	4.5039824e-01	4.3652079e-01	3.8816866e-01	-4.3886656e-01	-3.5858938e-01	2.4038580e-01	4.7988352e-01	3.4474736e-01	6.0636550e-01	-5.7774538e-01	-1.5188976e-01	4.5309129e-01	-1.6336845e-01	-3.5735747e-01	5.4079616e-01	7.1538895e-01	5.1538771e-01	5.0227129e-01	6.7965233e-01	-1.0692295e-01	3.5064825e-01	1.7977287e-01	4.4212735e-01	5.3810626e-01	2.2387032e-01	-3.0763993e-01	5.6400239e-01	-1.7071837e-01	4.7902256e-01	-1.0560302e-01	2.8146160e-01	-2.1150398e-01	-6.5296924e-01	9.1436736e-02	-2.9668060e-01	2.3838888e-01
5.4147100e-01	2.2072007e-01	-3.4255624e-02	3.5141087e-01	6.0404325e-01	-4.1501027e-01	-4.4160206e-02	9.8819315e-02	5.5430597e-04	-6.6876936e-01	-1.4144734e-01	6.2994123e-01	-7.5686240e-01	-3.0870420e-01	4.7188348e-01	2.1345702e-01	2.1488650e-02	6.9629267e-02	2.6290587e-01	-2.7080867e-01	4.8801148e-01	5.2738464e-01	2.1498664e-01	-8.0994353e-02	-5.7200396e-01	-3.3336949e-01	5.7758200e-01	1.2969494e-01	4.0766239e-01	-5.2834988e-01	6.7711830e-01	-5.2096570e-01	1.0829962e-01	-1.9050361e-01	2.9715267e-01	-2.6417276e-01	3.8212931e-01	5.4294151e-01	-1.4023605e-03	-6.3481688e-01	-5.3887153e-01	5.2098405e-01	-9.7723104e-02	-4.7667831e-01	2.4322219e-01	-1.6229051e-01	-5.9827739e-01	8.2789224e-01	-7.2881567e-01	3.4053743e-01	5.0388503e-01	1.7339835e-01	-1.1511087e-01	6.4300251e-01	2.0968235e-01	-2.9931110e-01	6.3672227e-01	7.6178634e-01	5.5822742e-01	-1.4374821e-01	-2.1615693e-01	5.0846767e-01	5.5078453e-01	-9.5154094e-03
-2.1364735e-01	4.5275784e-01	2.2838451e-01	-3.7531951e-01	-6.1219221e-01	-5.5078304e-01	1.9707713e-01	-2.7496997e-01	2.7372791e-02	-5.7382089e-01	4.1447026e-01	6.7615658e-01	-2.4002220e-01	-2.2754949e-01	-1.7261615e-01	3.5705277e-01	-1.9422105e-01	1.7650810e-01	-2.2788922e-01	-1.3131925e-01	-6.8192923e-01	-4.8717570e-01	6.0790222e-02	-9.3232438e-02	6.1751986e-01	4.9792883e-01	2.6270576e-02	5.7548374e-01	3.6354664e-01	5.2330333e-01	-4.5540676e-01	-3.0852008e-01	-1.2383409e-01	-1.0959251e+00	-1.5949762e-01	7.1759827e-02	3.0199650e-01	1.5229738e-01	5.8368504e-01	-3.4221238e-01	-8.8954940e-02	-2.8495243e-01	3.8600841e-01	-3.2386467e-01	4.4926405e-01	-1.4056957e-01	3.8977064e-02	6.3039047e-01	1.8977275e-01	-7.8798819e-01	6.4425933e-01	3.8098335e-01	-5.2892405e-01	1.3224003e-01	1.2798432e-01	4.5034331e-01	-6.0698515e-01	-3.5485539e-01	-3.6950788e-01	4.8004102e-02	-1.2038982e-01	1.3486566e-01	7.0663236e-02	-3.0159224e-02
-7.7663755e-01	5.2829766e-01	-6.2106466e-01	7.0459670e-01	7.8475928e-01	3.3597745e-02	2.9439828e-01	3.1243449e-01
