11
input	41
dense	12
leakyrelu	0.10000000149011612
dense	12
leakyrelu	0.10000000149011612
dense	12
leakyrelu	0.10000000149011612
dense	12
leakyrelu	0.10000000149011612
dense	1
linear	0
0.0005904900608584285
9.9103805e-03	6.2319890e-02	1.8214585e-01	2.2928357e-02	-6.2151559e-02	-1.8433867e-02	-3.0932950e-02	-2.0554769e-01	-6.4074382e-02	1.7644067e-01	1.8728068e-02	2.9732674e-02
-5.0576873e-02	6.6867381e-02	1.5504110e-01	1.8028712e-01	-5.5998381e-02	1.7593365e-02	7.1665749e-02	-6.3407987e-02	1.3151187e-02	2.0776016e-01	7.2092138e-02	-2.9217850e-02
3.5575610e-02	-3.9431941e-02	-7.6708324e-02	-7.2156549e-03	1.2809767e-01	4.3893151e-02	1.7169575e-03	-9.6572842e-03	6.9807999e-02	6.5409131e-02	1.1272630e-02	6.8680435e-02
4.9033090e-02	1.9658555e-01	4.3117594e-02	8.2364656e-02	-5.3054005e-02	6.2468931e-02	-7.1704738e-02	-8.0314748e-02	-4.4670578e-02	7.0247836e-02	4.3100506e-02	4.3943122e-02
5.4910745e-02
5.8563612e-02	-7.0780009e-02	-5.0898060e-02	-1.6755228e-03	-1.9501328e-02	-2.1907514e-02	4.1754786e-02	-4.4944797e-02	-3.8970336e-02	-5.6249019e-02	3.1667028e-02	-4.0862210e-02	9.1751225e-02	-8.5059339e-03	-3.6051136e-02	3.4561418e-02	6.3197568e-02	3.0632930e-02	-4.7674395e-02	3.7413382e-03	3.6821049e-02	4.2222694e-02	1.0781275e-01	-1.2826774e-02	5.4534044e-02	-1.4630032e-02	-1.3369596e-01	3.5482194e-02	6.0377486e-02	1.9573115e-02	-8.2688982e-04	-2.9810479e-02	6.7664564e-02	-2.7501404e-01	8.4596433e-02	9.2879601e-02	1.5955034e-01	5.1041361e-02	-6.4962298e-02	9.4123045e-03	1.7457752e-01	-4.5938157e-02	1.0859639e-02	6.4515106e-02	1.6626859e-02	5.9042312e-03	-5.8031264e-03	8.3527863e-02	-3.3276516e-03	-1.3452190e-01	5.8229618e-02	4.5933291e-02	1.1488670e-01	4.4824515e-02	-8.4972389e-02	3.9426971e-02	1.7236128e-02	5.7778377e-02	3.2193784e-02	1.6379252e-02	-2.8978599e-02	-9.7201085e-03	2.2397598e-02	-1.1214601e-01	-7.2991192e-02	2.9527852e-02	-5.4678317e-02	-1.5877762e-01	-4.2198688e-02	-1.2782994e-02	1.5393612e-02	5.8603588e-02	-5.0377499e-02	-5.4385848e-03	1.5990160e-02	-1.2441877e-01	5.3814496e-03	-1.9161652e-01	4.3460634e-03	-3.3879176e-02	-6.6245855e-03	-3.0414313e-01	9.4060479e-03	1.8723901e-02	-2.3500942e-02	3.3259109e-02	-2.9645620e-02	-1.9249877e-02	-2.1329371e-02	3.9047778e-02	-1.5125422e-02	-1.1604580e-01	1.1546412e-01	-4.5863032e-02	-3.0655453e-03	-9.2187822e-02	9.8143741e-02	5.5874050e-02	-2.2207549e-02	-6.1102357e-02	-3.1890351e-02	5.1475257e-02	6.3338556e-04	-3.5044380e-02	3.1439908e-02	-2.5565134e-02	-1.9234410e-02	-3.7486181e-02	-8.4480450e-02	3.0559333e-02	2.0594656e-02	2.0075608e-02	3.2913256e-02	-8.4211258e-04	-3.9755158e-02	1.0293373e-01	-3.5504198e-01	2.3961315e-01	-1.1410631e-01	-1.0262770e-01	9.3856575e-03	3.3244368e-02	2.1612024e-01	1.8535115e-01	2.3972472e-02	-5.7245195e-02	5.4148328e-02	1.3546116e-02	-6.1067298e-02	-1.0630253e-02	-8.1548482e-02	-8.0293953e-02	-9.7821737e-03	3.5527650e-02	-9.6863337e-02	3.2350246e-02	-1.0330441e-01	-1.0654294e-02	-1.5685810e-01	-1.5369017e-01	2.0772284e-02	9.6911900e-02	8.8475250e-02	8.1659757e-02	1.2095673e-01	-4.8357088e-02	-7.5730234e-02	-9.1120251e-02	1.1524037e-02	3.7391089e-02	-5.0380282e-02	4.2166151e-02	-2.8295023e-02	-6.0505401e-02	-3.5938036e-02	6.5710813e-02	-1.1261848e-02	1.9235019e-01	7.5838593e-04	3.9763737e-02	-3.8428202e-03	1.1648928e-01	-1.9795569e-02	-2.8823483e-01	6.7686342e-02	-4.2877685e-02	5.0351251e-02	-2.6813217e-02	-1.2466811e-01	7.4683651e-02	-1.1655136e-02	-1.2194926e-02	-3.4288079e-02	1.4236137e-02	-6.1241027e-02	-1.7623225e-02	2.4846127e-02	-6.1251886e-02	1.3849792e-02	-3.4036078e-02	8.0770895e-02	-5.5757221e-03	-7.4716650e-02	-3.2780051e-02	-4.4945125e-02	7.1106769e-02	6.2145524e-02	3.0972515e-04	1.6419996e-02	2.5394848e-02	-2.1768343e-02	-6.3721384e-03	-9.7471923e-02	3.6920861e-03	-4.6756066e-02	-1.5890384e-02	-7.5091593e-02	-1.5737484e-01	1.4416536e-02	-1.3636250e-02	1.7483750e-01	-9.8679923e-02	3.6005154e-02	1.7804192e-01	1.2965663e-01	7.5650387e-02	-1.6299086e-02	2.2503067e-02	-5.6697439e-02	3.7315246e-02	1.6403442e-02	-4.0141873e-02	-4.0065762e-02	1.4061610e-02	2.1710159e-02	-7.2726966e-03	-6.8319677e-03	3.8579430e-02	-9.0937652e-02	2.4391171e-02	9.9203372e-03	6.0666800e-02	-1.7888810e-02	1.2284216e-02	-7.3421462e-03	-4.5698783e-03	-7.7533438e-03	-2.1182446e-02	7.0493557e-02	-4.4455912e-02	4.6736918e-02	-4.7389831e-02	-1.4641189e-02	-3.7630048e-02	2.9033860e-02	1.2865113e-02	-1.9681060e-03	7.9600215e-03	4.1016236e-01	-3.3159459e-01	-3.7164591e-02	-6.9522768e-02	9.2407204e-03	-1.4201076e-02	2.1388230e-03	-8.6211460e-03	1.0034779e-01	2.7168570e-03	5.4479942e-02	-3.1855360e-02	7.8785866e-02	5.8010826e-03	5.4027118e-02	-3.7102745e-04	-1.1038151e-01	3.7661034e-03	-2.4453390e-02	-1.3232870e-02	-4.4994924e-02	3.2800362e-02	-4.8325799e-02	-5.3185634e-02	8.4086154e-03	-2.1332514e-03	-2.1661678e-02	1.1470202e-01	5.3182617e-02	3.9630678e-02	4.0310651e-02	8.4095411e-02	6.8187848e-02	-8.3294347e-02	2.0252358e-02	-1.7977499e-03	-6.7907967e-02	-4.4032380e-02	-2.3562217e-02	7.9605557e-02	-3.8863517e-02	-5.3415276e-02	1.2756623e-02	2.7611108e-02	2.7397639e-01	-5.7405904e-02	8.0694824e-02	-2.0030463e-01	2.8719181e-01	-4.0279787e-02	-5.2420855e-03	-1.8411199e-02	-5.6606191e-03	7.8630514e-02	-6.2495634e-02	-1.4291790e-02	2.6918659e-02	2.3306869e-03	1.1747791e-02	2.4554532e-02	1.4313512e-02	1.0950121e-02	-3.4148663e-02	5.9312604e-02	2.5258943e-02	1.1410309e-01	-4.8161000e-02	-3.7750758e-02	4.3824777e-02	-3.1980933e-03	-6.2723108e-02	-5.3686347e-02	-1.3606827e-05	-1.5027444e-02	6.5027433e-03	4.5631722e-02	3.5256542e-02	-4.5800749e-02	5.3878590e-03	4.3376442e-02	7.7313432e-03	2.0572426e-02	2.9175287e-01	3.8450748e-01	2.2149149e-01	1.1165656e-01	-6.3936882e-02	-8.1506651e-03	7.3134281e-02	2.4057406e-01	-1.5235272e-01	-8.8052668e-02	9.6739881e-04	-4.9718056e-02	-2.3086986e-02	3.0018041e-02	-4.8843417e-03	4.5842707e-02	2.6993405e-02	5.2704334e-02	3.5355091e-02	6.0113851e-02	8.3695278e-02	2.5616759e-03	2.4715804e-02	-2.4207965e-02	-1.1740451e-02	-3.3009097e-02	1.5735159e-02	-5.9301779e-02	4.8339855e-02	-2.2588897e-02	6.2205121e-02	-4.8878361e-02	-2.1693908e-02	-1.7002769e-02	6.4146228e-02	-2.2645801e-02	4.0483586e-02	9.8040178e-03	1.3049631e-02	5.6293152e-02	3.7512261e-02	-1.1832535e-01	5.8233913e-02	1.2508555e-01	2.2429076e-01	-8.6863860e-02	-3.7308782e-02	-6.9560543e-02	2.9993737e-01	-6.4713858e-02	-7.3907780e-03	-2.8587330e-02	3.8152475e-02	-4.3246571e-02	1.0412278e-02	3.2518573e-02	7.6210462e-02	8.5526973e-02	9.4062708e-02	1.0827203e-02	7.4655838e-02	6.2281031e-02	5.5699493e-03	3.7611827e-02	6.0890261e-03	1.2430318e-01	-5.5153389e-02	6.2066942e-02	-3.5215527e-02	9.0471275e-02	7.6942861e-02	2.8667163e-02	5.9504133e-02	-8.0626747e-03	-5.6009190e-03	6.3213103e-02	-9.9144531e-03	5.1334202e-02	8.1805527e-02	1.1038488e-03	2.1180065e-02	1.0549074e-01	5.1951047e-02	-2.1170035e-02	1.1029529e-01	-8.2558386e-02	1.3021800e-01	-1.2751181e-01	1.0655972e-01	3.5554446e-02	1.3461298e-01	-3.3662699e-02	-4.9935165e-03	9.8626532e-02	-4.8075765e-02	4.6956096e-02	1.2404385e-01	3.9565105e-02	3.3444557e-02	2.4772223e-02	-8.1345573e-02	1.3835680e-01	3.6632679e-02	-2.5226327e-02	-8.4682472e-02	-1.3389453e-01	-2.4945430e-02	-1.2017799e-02	-2.9479390e-02	3.8563024e-02	-1.8073013e-02	-5.1909678e-02	-6.1929122e-02	1.2013033e-01	2.1766026e-02	6.4111412e-02	4.9461819e-02	2.0321706e-02	4.1147070e-03	-1.2640692e-02	4.6433628e-02	-9.9875361e-02	-8.2599141e-02	-1.0902721e-01	6.1556727e-02	-2.3755902e-02	-8.0226548e-02	1.6029136e-01	-2.5147983e-01	3.3476084e-02	1.4924440e-02	-9.0101443e-02	7.3816575e-02	-5.9401775e-03	7.7076040e-02	4.5502156e-02	-5.3268641e-02	6.8805635e-02	-6.0095016e-02	2.9946569e-02	1.2570408e-01	5.1040046e-02	-8.1165597e-02	4.9208168e-02	2.2320107e-02	-5.4761373e-02	7.2083704e-02	6.0131375e-02	-1.2449493e-02	-1.7247234e-02	-2.1239109e-02	-1.0082934e-02	-8.7178677e-02	-1.8686557e-02	-2.2041645e-02	-5.2907951e-02	-6.3256999e-03	8.1999063e-02	-1.0711983e-03	5.4524828e-02	8.2018292e-03	2.1649703e-02	6.2086815e-03	-4.4473983e-02	-1.5562685e-01	-6.1802112e-02	-1.8553026e-02	1.6411701e-01	1.2215909e-01	-5.2845187e-02	4.8348978e-02	1.0244675e-01
-3.4623167e-01	1.7059073e-01	3.0095965e-01	1.1469892e-01	-1.3356370e-01	-6.9005311e-01	2.8658509e-01	2.9980204e-01	-1.7858315e-01	2.2698000e-01	1.6753672e-01	-5.9938532e-01	-4.5437214e-01	-2.1524309e-01	2.7515095e-01	7.8471966e-02	-2.8787509e-01	-5.5902231e-01	-5.5623376e-01	2.5283590e-01	-3.2957888e-01	4.2739597e-01	-4.4354048e-02	-5.6405127e-01	-2.2965195e-02	-3.7470338e-01	-3.0040121e-01	6.0904527e-01	2.7968886e-01	-6.6827707e-02	-2.2055301e-01	-4.3044224e-01	-4.2188641e-02	3.7003174e-01	-5.1073986e-01	-1.2999867e-01	-4.7760284e-01	3.1262845e-01	-3.7556490e-01	-5.6963247e-01	-1.4655543e-02	-1.0115736e-01	-7.2391623e-01	-5.8509099e-01	-6.9580668e-01	-2.1934989e-01	-7.2092426e-01	2.9669806e-01	6.6932902e-02	-2.6117566e-01	6.3927591e-01	-5.0006407e-01	1.5674748e-01	4.3122664e-01	-5.4638930e-02	-4.7132981e-01	2.6955324e-01	2.5416760e-02	-2.5123045e-01	2.0337939e-01	-1.8900935e-01	1.0511524e-01	-4.8638560e-02	-3.3234894e-01	-5.9519118e-01	-1.5803687e-02	-9.6266222e-01	1.8471316e-01	1.9335251e-01	-3.9931810e-01	1.8536323e-01	3.0725864e-01	-5.9277111e-01	2.2088572e-01	-5.6024557e-01	3.3817190e-01	-5.1321024e-01	-2.0990695e-01	3.5679007e-01	-3.9528838e-01	5.9998568e-02	-8.0144159e-02	2.7752614e-01	-3.8901284e-01	-2.5158313e-01	-3.2105586e-01	-6.7163861e-01	-8.8916302e-02	1.0845146e-01	7.2648948e-01	-1.6298476e-01	6.7534554e-01	6.1175704e-02	-1.8791686e-01	-4.8817024e-03	-1.2783770e-01	-2.1928173e-01	-2.9582301e-01	9.7541966e-02	-4.4195417e-01	-2.7791962e-01	2.7924773e-01	4.1038781e-02	-5.6330043e-01	1.5580954e-01	3.8917845e-01	2.1552011e-01	-3.9626953e-01	2.4711640e-01	1.2411904e-01	2.5687066e-01	-1.2071850e-01	4.0219620e-01	-2.6553345e-01	2.8430283e-01	2.5053215e-01	-2.8299212e-01	-7.3447086e-02	-3.8663441e-01	2.8637370e-01	5.4208243e-01	4.7190508e-01	-4.0442622e-01	-2.2549507e-01	-4.0027452e-01	-4.4695824e-01	-1.2222586e-01	2.8270265e-01	-1.7832577e-01	6.0284302e-02	-1.4096503e-01	3.3687124e-01	5.6481659e-01	-3.7720704e-01	-2.5553856e-02	2.9355276e-01	2.8474821e-02	-1.8763097e-01	5.7266665e-01	5.0015247e-01	4.1103458e-01	-1.6132818e-01	5.6338936e-02	3.7182885e-01
8.0689326e-02	2.3232616e-02	2.5491151e-01	1.3898738e-01	-1.0854295e-01	1.6989312e-01	-2.9440257e-01	5.1057416e-01	-4.2127630e-01	5.1662898e-01	6.7705870e-02	2.3408851e-01	-4.5608175e-01	-2.5656748e-01	-1.1839530e-01	-6.2774420e-01	5.3439522e-03	-7.4593380e-02	-4.5032331e-01	4.2350423e-01	-5.4091621e-02	-6.4098701e-02	-3.7003499e-01	5.0970203e-01	1.7999263e-01	-3.3085763e-01	-3.6743391e-01	-3.6332607e-01	-7.7079602e-02	-1.5860718e-01	-8.3780855e-02	2.3143777e-01	-9.6922308e-02	-2.2101702e-01	6.0333848e-01	-9.4174959e-02	3.7795117e-01	-4.9782249e-01	-4.6242711e-01	-1.0124650e-01	-7.8434594e-02	-7.2331011e-02	-5.0252157e-01	5.6081414e-01	-9.3808934e-02	-1.1507678e-01	4.0412790e-01	1.8409817e-01	3.4204908e-02	4.9404207e-01	-8.6695505e-03	2.4793489e-01	-3.2103533e-01	4.1348681e-01	5.7145125e-01	-2.9345801e-01	-5.9297234e-01	1.3693401e-01	4.0820393e-01	-3.8333073e-01	-2.2688138e-01	6.9479831e-02	-5.3189659e-01	-7.8425586e-02	2.5252998e-01	3.3612439e-01	-1.4046375e-01	-2.7173343e-01	-2.5629604e-01	-1.3059693e-02	6.7047730e-02	4.9603352e-01	-6.2458932e-01	-6.7962360e-01	-2.5442538e-01	6.2200725e-01	5.2420062e-01	-4.8757896e-01	-2.5062107e-02	-2.9559591e-01	2.8765607e-01	4.9690840e-01	1.5061714e-01	3.6749545e-02	4.7554988e-01	1.8227190e-01	5.8821555e-02	1.2744828e-03	1.0074224e+00	-8.6180174e-01	6.9577031e-02	9.5540214e-01	3.1431374e-01	-1.0942484e-01	-2.1851411e-01	-1.2200984e-01	6.8263662e-01	3.9733729e-01	-4.9752629e-01	-6.8861151e-01	-4.9813777e-01	1.4072534e-01	-8.1494711e-02	-3.2941937e-01	-1.2601872e-01	5.3722501e-01	-6.9548406e-02	6.7524828e-02	-2.8897479e-01	2.5797060e-01	-3.3715826e-01	1.8147689e-01	5.1122355e-01	-8.2272100e-01	-4.7637022e-01	2.1327195e-01	1.4854822e-01	4.4204125e-01	-2.3979002e-01	-2.4131764e-01	3.5105586e-01	2.7520043e-01	-4.3916973e-01	-2.8054249e-01	4.4481757e-01	-5.7175791e-01	4.6462095e-01	6.3291844e-03	2.3832990e-01	-1.5201977e-01	4.1421172e-01	-1.0555759e-01	5.5191255e-01	4.0526211e-01	5.3854138e-01	1.5113132e-01	-4.3263233e-01	-1.8462580e-01	-4.4052055e-01	-8.2409811e-01	3.4761506e-01	-2.7882222e-02	-2.7608812e-01	-2.6584452e-01
3.3510798e-01	5.7605690e-01	-2.6481402e-01	5.5030406e-01	-8.8219303e-01	3.3943549e-01	4.4802305e-01	9.6979678e-02	-3.8046640e-01	-3.3683356e-02	4.0366060e-01	3.3560285e-01	3.0207992e-01	-7.5620878e-01	-2.6030999e-01	-6.1144680e-01	3.7169680e-01	-7.6218933e-01	5.8094633e-01	-1.1073015e+00	-4.8803657e-01	-3.6679673e-01	-6.1225998e-01	4.7977629e-01	1.1855929e-01	1.2390462e-01	-3.8149440e-01	-1.7326097e-01	-6.9539040e-01	5.4144549e-01	-3.6614373e-01	5.4796904e-01	3.2375973e-01	3.1496599e-01	-9.4135568e-02	-6.0511726e-01	1.2518813e-01	2.8979334e-01	-7.1994446e-02	3.5223973e-01	-4.1179436e-01	-6.4208852e-03	3.0967543e-01	2.0938256e-01	-2.3014251e-02	-1.7372158e-01	3.0210891e-01	-7.3183638e-01	4.5939824e-01	5.2135569e-01	1.8720415e-01	4.6976399e-01	-1.5663984e-01	-4.5563316e-01	5.4077351e-01	3.8508147e-01	-3.9985669e-01	-3.5758704e-01	-2.0393965e-01	-3.7252536e-01	-4.3719932e-01	4.1897857e-01	-2.4955618e-01	4.2949259e-01	-2.0249771e-01	5.7212925e-01	4.4721925e-01	2.3502192e-01	2.6099750e-01	5.5216646e-01	3.7305111e-01	-2.7620661e-01	-5.8019650e-01	5.1102972e-01	3.1405464e-01	-9.4461190e-03	-3.1154791e-01	1.1144339e-01	1.1632233e-01	1.6988564e-01	-4.6821721e-02	-2.4581608e-01	3.6266106e-01	4.6995437e-01	-2.6962835e-01	1.1109853e-01	5.3925484e-01	3.6883718e-01	-1.0983782e-01	-4.5303258e-01	-7.9874620e-02	1.1263614e-01	-2.8842667e-01	-4.4031325e-01	3.6377436e-03	-7.7389620e-02	1.6522808e-01	4.5424500e-01	-1.9312988e-01	-4.6072149e-01	6.6551149e-01	-3.6651486e-01	1.3862111e-01	-5.8562893e-02	2.8995204e-01	2.0011818e-02	-3.5177514e-01	3.6367658e-01	-1.8047178e-01	-3.5879534e-01	1.4289153e-01	8.1566527e-02	4.1493857e-01	-7.9835340e-02	-4.8444951e-01	-6.2992024e-01	3.6301085e-01	-6.6158980e-02	-3.9418286e-01	5.1235247e-01	4.0551534e-01	3.0660707e-01	-2.2006932e-01	-3.4311059e-01	-5.7010478e-01	2.3879002e-01	4.3632740e-01	3.4499007e-01	-2.8455675e-01	5.3307101e-02	3.6375526e-01	-9.3278587e-03	-2.2120593e-01	-7.6557612e-01	1.7731152e-02	-6.1073244e-01	3.9537323e-01	-2.7604081e-02	1.8612165e-02	-4.0452889e-01	7.8585601e-01	-4.5117867e-01	-4.2640537e-01	4.8412850e-01
6.9354916e-01	9.3985069e-01	5.6808132e-01	2.5509793e-01	-1.0129825e+00	7.6690936e-01	-7.7103817e-01	-4.6058312e-01	-3.0845663e-01	-2.8043345e-01	3.2245377e-01	-1.0844800e+00
